924
3174
2741
4069
4297
3240
1244
2750
1637
1982
4830
2403
2319
4707
476
2571
4840
728
3976
1835
3212
4734
434
1886
3765
1116
3921
1632
561
4233
3952
1300
876
3515
259
4091
2779
4256
3953
3390
1912
270
588
3617
1291
949
1660
2775
3523
3778
471
4396
3112
194
373
3933
4342
897
4311
38
4321
2876
3739
937
1954
4690
4053
260
3694
4850
1191
275
401
2013
738
1473
4023
2609
2524
860
2163
973
3130
4378
1406
2646
1195
1340
2147
1533
2300
1865
2447
4731
2987
2410
1458
2724
1571
3834
2473
1802
221
1700
3943
2795
3541
1551
552
4660
1408
1524
969
784
1218
2514
1339
1421
4107
2686
2282
542
2843
4887
1869
3170
1416
3646
1687
2553
1795
4197
157
3887
4661
1627
4796
3305
2379
4129
14
2745
4443
2597
705
3916
1689
2850
2766
2604
3713
4048
768
3038
1319
1376
3725
95
1040
2158
1666
1768
548
2357
3638
554
4325
1254
2958
577
1158
2845
2253
1681
4255
1197
3465
928
412
4484
3999
4377
4359
1778
2317
3417
4974
254
1839
3518
2257
1702
1446
780
2468
4675
793
900
4491
1688
2207
3382
3755
302
3088
2572
4046
1282
1634
4824
2478
2689
1750
1012
1349
1019
4738
943
3095
3911
4877
4102
4607
517
558
4896
2540
3871
2835
2663
3022
4581
3830
1238
2159
4113
4630
445
3809
255
1331
1074
2772
1704
369
3322
4400
1999
230
2939
4272
3647
3738
3397
4624
2902
153
641
2975
1181
2891
954
4970
3070
86
887
2596
4334
2346
4024
1379
4032
991
1102
2104
460
2494
268
3408
1751
1474
823
854
329
2625
4716
2236
4104
4040
905
2230
1419
1719
1411
764
2522
109
1937
1810
2873
4446
2090
2024
3643
1946
1234
3087
961
3361
2577
2258
3197
3342
59
1479
3118
3994
3563
163
1485
4083
2415
2621
652
215
56
9
1431
4978
3775
745
1522
4679
783
190
1039
824
3446
4475
3525
4313
4147
451
922
2877
3860
572
3341
4394
1651
869
2953
2462
297
3008
4890
3837
1988
394
1392
1562
3330
1462
4372
1756
3307
1557
119
822
3271
4356
4771
3363
3770
3116
1969
3431
1118
2004
647
187
4251
405
2734
3049
3796
3958
1020
1779
2627
2557
852
301
4014
3169
1107
4447
1878
4953
1096
2630
140
435
3433
1090
1434
935
3917
439
3432
1784
1378
1615
91
939
1251
1223
682
1194
4700
1109
3595
1080
2840
4257
4381
722
2440
4088
3998
950
3612
1274
2020
713
4873
4936
3115
1922
4910
4836
2128
308
4191
1649
4710
3474
2892
1425
2984
1624
2284
1412
4880
2160
2391
4303
100
3023
2985
4891
4155
2747
2919
3459
1422
2560
545
1801
4096
4494
61
2905
2861
3637
4081
4324
4436
2465
837
397
3726
204
1071
618
751
893
1083
2373
4894
1306
2416
1266
509
3721
3223
1156
1921
4261
2568
4094
314
426
1017
26
1843
3984
2536
4529
1759
4851
1741
2202
4602
3126
4662
3724
2701
1004
1790
1919
4287
3714
1718
450
4782
4045
4837
2198
2034
4097
2114
2261
3204
2548
4582
4440
1760
385
2733
4745
3076
2286
990
2123
2952
4126
2971
4305
2620
1601
22
4651
4200
448
3787
2122
3458
4924
4748
3589
2980
159
1640
2578
1120
65
54
1714
3111
1860
4778
884
3196
299
4452
4132
3821
3785
12
2267
2661
4587
692
4228
1883
4551
4101
4886
2165
233
1837
2746
3453
1725
3882
3742
3992
2600
389
1008
766
2303
3113
4986
3665
2293
2451
2483
3291
3373
353
4001
2281
3398
2144
1734
2708
3635
803
2464
4028
1314
4118
2313
1183
3806
3716
820
1355
2326
4420
1051
4219
3266
4724
2298
2541
515
15
2778
4078
3824
28
4382
3292
2667
4732
936
4206
4109
4780
964
2550
3046
3506
3679
4383
2551
3242
2526
1359
1277
4043
1855
3280
2273
1564
2730
1609
1814
2889
2842
2552
1410
4838
3877
4641
2242
1762
2642
2700
1050
3439
779
4773
3233
110
2127
4367
1290
4146
1808
1397
2049
1010
2978
2878
4615
3179
2356
4253
466
4687
1253
415
528
1174
2515
2012
362
3413
2920
4247
2742
4862
2487
3306
3728
1677
1298
4284
162
873
4518
4685
4720
3061
1728
3960
101
226
1978
3551
1757
4196
3968
874
1030
1371
3973
2822
3243
797
2038
1573
3290
3878
1596
4145
3975
1738
3079
1807
3068
4
4702
158
1793
2445
1297
124
4187
4729
3849
699
1454
2847
543
165
1862
729
3205
4541
1602
3731
379
3548
1742
1782
1761
1565
888
1005
3372
2088
3533
1502
4444
1465
3434
1077
3167
3135
3792
807
2036
3773
3250
2768
3045
4391
4626
3800
759
2226
4609
2677
2819
3575
889
3587
1396
4672
3371
2594
1169
2054
1114
856
3264
277
787
1994
2337
2869
2270
2057
2968
4788
4703
3838
4683
4095
921
4958
1393
3605
544
4492
216
3020
4726
3848
3514
2510
3092
3139
4157
2322
4180
3232
1084
3462
4815
4956
3852
1998
1264
1060
2009
2304
1933
3319
4058
2575
4266
348
2296
1134
1112
3263
2125
2715
4650
4010
875
4059
2651
3627
244
141
1614
959
2874
2653
2320
4597
4498
4332
633
1160
4373
3701
4476
3812
2720
2719
2331
1715
3603
4965
2705
4905
520
4441
3393
1900
2948
4879
1214
1754
2446
2542
882
3050
60
1451
1633
547
1893
2629
108
3075
4915
3208
1414
1053
622
534
2598
1763
437
2684
4709
4031
3326
2628
103
1430
3779
2010
207
4039
3102
685
4818
1848
352
24
3324
2752
3808
3237
686
1926
386
3392
532
1115
3052
1616
1769
338
1089
2563
4740
3268
3175
2881
1095
3667
1692
4962
3641
300
4368
1103
2475
337
4460
3407
2429
2243
3200
2894
408
2613
2647
4516
3571
3954
3553
57
2309
3847
2438
1636
1034
775
2558
3364
1822
2963
200
3759
382
184
3748
3971
734
2073
2652
3249
3471
4013
4791
3381
3684
2693
2005
4380
2895
3426
3632
3354
4463
707
2011
3318
1247
4947
697
848
3836
3935
4428
1826
3511
2808
880
506
2220
1276
1161
993
4030
3944
3104
2676
4883
1270
3309
2074
457
1497
1851
287
463
3150
606
1144
4259
3899
3201
3574
4511
1381
3885
272
2697
3166
4665
3259
1925
710
1529
2425
1617
4841
1576
1623
743
4802
3164
2505
3504
2096
2232
143
3531
923
3749
3962
1884
4084
3639
3880
3335
2042
2529
2239
4319
2793
2434
201
1877
2399
467
4876
4290
4699
1347
771
714
4442
2574
3854
4963
2707
1906
586
1407
2072
449
4190
248
1257
3106
592
3814
1731
1834
4361
1508
2938
776
3473
1106
4972
502
2274
4509
817
3543
1873
3351
4137
2328
3096
1767
123
4781
904
1619
4087
3913
838
2183
3275
3499
760
4785
3329
4457
331
4270
3846
1356
3492
227
665
4749
1701
4384
1365
341
1221
3485
2375
901
2503
3340
236
3213
478
4042
2983
3142
536
4881
3300
492
2882
3626
1563
1099
2928
4598
83
2546
1570
4003
980
85
305
175
465
525
2179
1920
1362
4448
210
3256
2030
4645
3817
2898
4794
4629
2834
3776
1678
1192
4365
288
374
3562
2486
749
2388
1452
2185
3717
2523
2789
1713
899
3561
2785
4465
319
2033
810
1871
4546
480
3427
3803
4961
863
1579
3966
2116
4960
2330
176
1015
4671
3374
2222
126
4735
171
4472
391
4252
862
3923
1993
805
2725
1974
4984
2008
2954
1061
3804
789
4267
416
3001
1447
2401
4601
3472
730
3902
550
2360
3539
4571
1650
32
3692
1259
1727
1212
431
4289
3486
3936
235
1674
1217
3938
239
2883
3122
1007
20
4596
2814
3028
4269
4502
3608
3592
2879
1506
4482
2986
3140
4386
4392
2240
395
4604
1815
1566
3931
3365
3607
1482
3695
2837
866
1995
3951
3231
702
1301
4531
3496
1367
2947
4312
2143
726
4301
328
4112
4411
246
1679
63
3715
2062
3986
3338
359
1901
1981
1973
1850
4089
2925
2691
782
1352
2355
1902
3719
3376
3455
3761
3127
3193
3588
1964
531
4263
2761
390
4469
2728
4907
1669
4795
4489
1333
601
1003
3444
4148
479
4553
2692
2482
4595
249
3631
2812
3879
3017
569
3683
1932
78
630
2084
4355
3579
2461
3550
846
2247
4288
1548
1500
4930
1463
4138
1569
3027
2716
715
1656
1468
1311
51
3904
4573
1885
4772
2152
4807
3706
4223
712
1842
2387
1923
827
4663
3185
659
1783
3362
564
2722
2654
976
1608
4638
2040
540
3043
1245
1945
3573
3827
4721
676
4574
3558
2460
2997
4192
4706
4901
3768
3286
2335
3519
2076
202
4306
2371
2396
4451
3981
313
1123
1361
2045
4283
672
2976
2544
541
608
1858
1219
3310
706
3874
574
640
4866
2782
2615
1530
2086
971
1150
82
4235
3597
35
4450
614
3961
2930
2424
387
4556
4282
1673
433
3843
1682
2083
2564
3494
841
3006
1943
3649
723
4833
3156
4929
3538
4844
752
2332
4664
612
3182
3005
1167
1199
1683
1067
2852
1014
4914
133
4421
2639
2157
1518
575
4855
4370
2773
2860
1777
694
2200
1499
2586
3220
1318
371
4280
2810
139
3199
2423
1239
322
93
3810
3081
669
464
4117
4580
3138
2809
1755
4264
3352
291
276
566
3957
3685
2973
4210
167
4000
3035
1951
3840
4765
3990
579
1690
1882
2456
456
2696
847
64
4937
3620
3793
2177
4130
1052
482
120
3707
269
1357
4177
4127
69
3018
1904
179
1267
1503
2457
790
489
2016
757
3019
1175
3705
3218
3221
106
4588
339
3751
3254
2727
1534
1846
2815
2131
4483
324
3969
1603
698
1121
3939
2714
4501
2914
4792
1294
2333
1143
1166
2472
4751
455
762
1256
3258
1813
3429
1648
1654
2219
932
1278
1374
4162
261
4230
4329
3180
4657
795
4644
1149
4774
3901
2419
4120
3872
4298
4722
2001
4201
2690
500
3664
4141
3152
3857
4038
1997
1455
3168
4374
1313
3414
2500
17
1844
3159
3554
3932
2645
4605
864
953
4189
3042
3680
312
1661
898
4490
2414
491
602
81
1753
2148
3697
4521
813
4207
217
1146
4225
3791
2108
357
2404
172
960
2452
1272
4691
2025
495
1504
1094
282
3578
1140
1250
2350
4349
223
2913
3997
2794
4240
4054
4993
786
2430
4082
3875
4056
173
4170
997
1959
3625
4656
4363
4111
3988
1780
4610
1237
4242
4222
1424
2167
4592
2753
3284
2601
1745
4762
3856
2915
4739
3265
2308
3055
2397
1758
2442
266
4946
2193
1058
174
393
444
3690
833
1966
4737
2439
4025
2966
688
243
127
2836
4217
830
4538
4281
4064
3909
4022
2622
3054
871
2412
1448
598
4705
2504
2021
2227
490
2935
703
1543
1747
4168
2762
2777
3228
3062
155
2052
4659
3039
3203
1829
2637
808
2246
87
1722
1838
406
2437
4741
45
717
3831
1142
1035
4631
4920
321
2385
1079
2921
113
3769
983
4254
2400
0
2449
4770
4351
3537
3257
671
147
2668
178
2223
3823
3475
748
604
1198
3949
70
4613
3645
4389
2044
3703
3443
2182
1056
2854
290
3287
2095
459
1578
4417
3521
4708
929
3758
3147
4018
2704
90
2826
4951
1203
4464
185
1830
843
3289
4366
1653
3948
1773
4019
1206
2327
4410
1836
3128
3323
4957
627
2702
2244
1141
4449
1209
1342
3811
112
4816
1965
2324
4414
3500
134
76
3437
3624
1852
2217
2156
3611
3388
4945
4925
2178
2003
3161
2035
2525
708
4811
421
4856
4116
1772
2528
657
2633
142
3452
1612
2738
1803
4156
2413
1370
3359
3797
4767
2626
1135
2764
733
1952
1552
2488
2272
4468
4181
3311
1717
3835
3301
278
4061
3559
4337
2206
4968
2325
3517
3956
99
2635
1460
2187
121
3896
4987
3146
4820
3491
3710
4406
3727
3745
3165
4917
3353
1987
4296
4237
4633
2664
3762
1984
1899
2133
4719
2776
4333
193
4041
3198
1022
349
551
404
4164
372
1866
4845
3332
4532
1711
257
1696
3910
3424
1771
2118
209
1983
2587
1816
2190
3105
684
2037
1229
2093
188
1078
10
310
4723
4194
214
1295
859
1417
3438
687
4418
1330
716
2631
1341
2262
1444
4997
4035
4161
2531
4779
283
915
2197
1939
2995
3195
3125
4904
74
1581
3415
2136
378
1126
4246
33
3841
4628
2492
263
440
293
1729
2851
4371
910
3015
4717
1916
196
3450
2145
1737
2818
2605
3477
4074
3744
4128
2495
2481
3274
3423
2923
2798
4611
3794
3346
1009
819
2490
2648
3712
3572
3281
1093
2053
3303
599
1980
2865
4756
3930
3219
418
3121
3183
4534
523
4216
556
2576
925
977
4696
941
3066
62
3149
4471
2619
3016
798
724
1598
2823
1549
1486
2771
1324
3448
3428
3210
1307
3547
309
3681
3278
2208
1436
43
2736
4684
3858
3260
3781
218
3818
2105
292
2203
4971
744
3308
1680
58
4071
4090
3109
4747
1652
4479
4150
37
2799
3566
992
1513
1358
1540
3945
2271
129
4586
4888
1075
2533
4198
2106
2175
909
668
1927
3396
777
3963
1972
4750
3285
2951
1944
3031
2180
4932
1366
2283
2181
3411
1326
3965
1520
4323
2824
816
1600
1712
3622
2471
4799
102
2957
3011
2027
2643
4033
4486
1847
4176
3246
3037
3131
4073
3819
2418
2311
802
3171
2769
3391
1450
553
3077
4564
1399
1917
1492
117
2417
3520
3889
4398
4942
2077
3097
956
4669
3763
2402
4757
345
2855
2489
2538
4002
3982
77
4331
2511
1085
425
4940
4519
298
3873
3425
2384
2362
470
2866
1068
3648
4379
2623
2398
1985
998
3162
1707
295
487
34
1908
3698
1867
2906
3191
2294
4766
3833
4640
3967
1553
4500
4761
4309
2435
3099
1252
4931
1968
1990
1724
3618
844
503
4878
2599
570
4226
3922
1041
3805
2917
4653
1231
3598
3798
3813
2130
4928
4413
2288
4241
1137
4730
3082
835
4493
71
2868
4316
3979
2066
1825
1345
441
2936
3299
4544
97
4530
2352
4487
3678
2307
197
2732
4967
2743
2153
2579
4285
1935
747
4805
4848
2994
1456
512
3227
318
3098
2255
1607
4673
2981
2841
4689
1967
1621
2717
3383
4431
1440
273
4760
968
2584
4399
2406
4543
1976
4817
447
1125
2176
2210
1870
3894
4232
4099
4125
160
3888
972
2885
1122
1273
241
2942
2949
1554
1929
1180
111
1955
4823
1874
2436
4570
73
2113
2729
452
855
3466
2603
4496
2192
1317
934
3693
304
1037
4358
3516
2884
3634
2014
4835
3825
2386
2934
678
4964
2565
1898
4966
222
1220
965
505
2757
4154
3946
2047
1087
621
4339
2744
1108
1558
809
4243
4050
4789
679
3670
781
1028
1595
4076
4563
626
3313
609
1286
1970
30
3529
3013
3029
3732
4209
3101
1498
3628
1162
2669
2018
3026
2955
1561
3734
250
2657
2679
118
1735
1584
709
4300
3186
3995
1309
3783
3315
1187
4139
2506
1799
4047
1029
234
3230
4743
942
2199
1861
1369
1216
664
4558
2354
1285
3158
3493
1639
1200
4354
944
1186
2411
1459
1705
146
4393
1505
2675
166
2254
4882
3964
4991
2017
2276
1470
1110
3004
2248
413
4831
2117
1284
232
1104
2485
1827
485
3651
988
735
1662
89
4560
3184
2721
587
1128
4066
1930
4727
27
131
4020
2796
1708
2833
2964
4535
785
420
3012
1129
4218
4526
1659
403
1335
3255
3630
3600
3288
3034
4903
772
1971
4433
1215
1527
4864
634
1895
1812
4865
4110
1433
2990
2507
3134
4221
3864
3668
4375
2945
721
2345
3345
3483
4307
1586
1646
2857
3993
2448
2612
885
1383
4568
4470
1046
2211
903
1153
4352
1413
4159
3357
4822
2089
1590
1185
1386
927
3897
3621
1420
958
4988
1699
115
2213
4478
4826
3021
4594
1173
623
3591
4900
4340
2171
1372
4555
4124
1390
3030
4911
1026
4969
4432
3650
392
3663
1001
151
468
2931
4763
2201
1594
1322
2967
1480
150
701
582
1521
347
4637
4666
1466
4402
4658
4205
3498
116
3655
3080
794
3339
4643
4310
499
75
4839
770
3379
1992
1098
3181
507
4893
711
3484
2351
3980
333
84
4561
2737
3177
46
1350
2759
1230
3387
758
1495
725
3336
3321
1555
1622
4456
2367
3132
815
1684
3211
496
2349
1258
2916
4944
2383
1073
2229
2280
2028
229
1559
1269
2315
3044
4755
2241
4895
2918
55
615
3653
1961
4854
666
1671
4804
3314
3502
3141
4921
2856
3224
225
3002
2607
791
2788
649
3542
1131
1138
4623
2608
1426
963
3283
3788
4849
4922
383
4892
3895
1038
3865
438
2880
1248
2937
2002
2922
4385
3495
746
1605
2431
2314
2186
3261
1139
3051
1179
906
1332
1316
1387
658
3215
4810
1523
2521
4343
1177
1224
3117
3084
1145
4183
4049
4697
114
3985
2378
940
656
1228
4688
245
4808
4186
2098
4554
3400
3590
4943
3903
2765
325
4777
256
631
317
340
4119
526
1328
1910
1575
3194
1686
4572
3368
1896
774
3003
1481
3025
4989
410
3522
573
1021
1989
700
4140
3832
3524
2656
2078
667
2806
380
4557
4409
3120
1698
3747
3057
597
2709
1164
1787
1577
3369
3636
3481
510
4350
4711
3083
181
3216
3489
2235
1488
3757
469
1510
2070
2756
4906
3385
1875
2221
3760
589
4635
1375
3375
4692
2665
3774
3570
483
2173
2110
4528
3244
303
4885
4236
388
3863
1124
4927
4698
2875
4160
4981
2926
4026
1519
1193
4178
3974
2252
870
2484
4576
247
4250
2422
636
4832
979
4172
3746
2872
3154
1036
559
105
2573
1905
2670
39
2591
1152
4869
2368
1665
2341
3317
4455
2067
228
2927
987
367
4768
673
1428
3802
4681
4670
2454
1936
4423
4593
4715
2965
1924
2374
2683
4908
2343
161
4055
3222
3829
2080
4539
625
1233
3409
2154
2477
1105
539
1423
978
2801
1789
1645
2048
1766
2807
3457
4809
985
336
3891
3898
4304
529
1069
938
199
581
4536
524
2698
1821
2567
442
1062
2827
644
2802
508
1800
4813
3014
36
1591
2474
620
3534
29
1262
2839
3581
1353
945
2858
262
4548
3532
4212
4941
4996
1739
4173
4103
1685
801
504
400
4752
1225
4429
1338
320
1048
366
4668
3604
1081
1626
2443
1567
224
3842
2041
1384
2043
3402
2562
4825
2347
66
533
1445
2786
335
1583
1857
3924
3807
3248
1405
474
584
1593
1676
1611
3123
3370
2886
4163
986
3282
610
4642
2329
138
3866
3870
323
4814
3983
4857
414
3743
475
4485
2671
4648
4044
1054
1774
4513
1658
3908
1321
535
2961
1471
4714
1065
886
1547
4634
1752
1354
198
1794
1490
948
1986
883
4029
2498
2353
1487
3912
650
4348
4435
2039
2059
4902
1887
1979
1853
68
4093
3656
3657
1890
742
1817
4852
1101
4179
2205
519
3367
4655
3145
645
4439
4188
4260
3114
814
2166
2616
2634
1011
2754
4677
2112
3919
3750
3868
3989
1427
4302
933
462
1539
4295
2672
1709
2989
2699
2740
4203
3103
4562
104
4294
3064
4522
2549
2820
360
995
1765
4499
396
4488
4220
4985
3718
4899
951
562
3386
3606
4636
4990
912
3239
1063
1732
2466
917
2121
2516
2450
974
4005
1915
170
98
4123
1117
267
242
3662
3235
3556
4184
1706
2376
3447
2790
1638
2318
2119
1025
3585
4827
1536
4847
2233
3577
3078
3555
2979
3226
3395
4828
3594
2803
619
2107
1329
1368
2797
3671
3928
363
4308
1872
25
1261
2455
4718
3041
398
1720
4388
1076
2299
16
839
2058
3094
4480
2395
1325
3580
4992
2904
423
1892
663
2907
4578
2787
4547
3737
1409
861
42
2932
2237
2911
2805
1531
3929
756
1963
1541
1526
1377
736
596
2887
342
952
2998
982
879
1211
4507
2138
2780
2674
2022
125
3855
538
3599
4861
1840
3176
370
1432
3795
3528
3688
486
3384
2408
653
778
984
3741
607
799
4067
2561
567
13
2392
1435
646
454
2641
4614
3669
4326
2150
849
2305
481
4477
2026
2101
3497
1823
1746
4542
4565
186
704
3859
2972
3883
892
2570
2711
3217
3815
4231
613
1260
4271
3660
4583
926
1618
3420
3478
3652
1791
2751
4649
1948
1398
3799
48
3582
2962
2301
1819
4136
2580
2817
2792
3331
4474
677
3349
2545
2900
1388
1170
3136
285
4977
4149
3272
4202
638
2896
1441
3540
4239
2111
1346
2302
4575
4227
3552
994
4806
3350
2061
1453
2149
2463
2582
2588
908
1672
1568
3661
4874
1072
2941
4425
1726
2019
2390
265
2344
2956
4315
1404
1442
2739
206
3972
2532
432
999
1914
231
3036
2063
4843
2996
1310
107
493
2695
4549
1400
3421
858
3090
1263
2433
2169
1991
1544
1064
1876
4135
1620
1770
2212
2256
868
1157
1525
2666
3476
2828
1599
616
4632
3546
1663
763
1275
4445
3876
4369
2512
4948
1941
4559
1184
4871
168
3343
1243
271
4606
3032
41
2658
4467
1241
4898
727
1560
4248
2007
422
3702
1308
2467
3881
4980
1296
3238
4131
498
5
2655
4338
4764
3024
3557
2618
3730
191
3108
4017
3914
238
4461
3892
3947
1133
2713
2100
4006
424
3513
1201
3053
2589
1226
2539
306
3845
4787
4473
3790
800
2813
3119
2162
4599
1323
4015
2585
1049
189
1740
930
4954
430
1476
1833
2056
4775
4758
1188
1647
3060
3419
3273
3124
365
4065
1136
1792
3569
3654
2899
1730
2673
1528
2094
3867
135
4114
2903
3490
1312
3771
4829
1287
4742
1804
1178
4801
761
1934
4115
1625
3934
1889
3316
4416
1644
913
1845
4454
2055
156
501
4229
691
1796
1880
4918
1057
3780
1891
3394
3723
1903
4387
557
4846
4244
3405
3337
1483
1202
4293
4603
2816
4627
2275
4995
2174
3058
203
4121
1947
2636
3729
2142
4868
3850
2140
1327
3480
690
583
1281
1176
1610
1664
2767
2632
3937
919
4199
1043
4812
1868
731
4080
611
3202
3085
3065
1938
4523
3610
3674
2583
3416
6
4858
1733
2993
2091
154
718
3262
4481
4265
2372
4619
3143
3733
2245
4322
3189
2749
208
2831
2225
2781
2134
3560
4275
3682
2946
3736
821
1879
2710
3312
568
1918
3644
3270
4004
4994
52
2770
4800
3304
2581
497
4647
1996
1798
4821
1402
931
675
3507
4273
3623
804
296
2109
1449
1031
1940
1960
2590
555
832
4744
2000
3067
4277
3996
180
4274
4713
4362
1716
765
4292
148
4034
2164
851
1675
3293
2520
3209
23
1249
3659
1168
2234
4797
1588
845
1027
2638
741
2509
3153
2706
3241
3173
617
2277
683
595
376
2502
4620
2259
1667
472
3677
966
1635
4037
895
3786
881
355
2366
4397
4314
2758
1587
1811
327
137
1334
1849
3276
4527
513
651
840
560
2479
753
3816
3941
2685
4585
3206
1283
1469
3327
294
4077
240
989
3380
4949
3074
2849
3596
1086
2470
1418
2365
2649
2428
920
3093
4106
3163
1854
44
2135
1670
2682
3056
792
635
2555
1897
2204
1710
251
2763
2821
3530
2723
3225
4834
375
2060
3418
521
473
3344
907
4327
2363
812
981
3711
443
2838
4682
1697
381
1002
4182
1082
3296
4504
4621
1556
3890
1913
2394
3687
3347
853
1055
4803
4608
594
2126
2755
3777
407
429
3302
2513
3482
648
402
3509
1289
2407
332
914
2426
3479
4790
1091
2081
4952
3348
1394
1489
1443
3467
3567
4152
1550
2405
4320
2681
4975
2263
2703
195
4998
750
1894
1415
537
3505
3151
4395
79
2566
740
1132
2285
4426
4215
1693
1512
2554
4062
693
2559
1589
3356
896
315
1047
279
1655
4335
4935
593
2890
825
3925
1572
49
53
2215
1911
2297
2146
427
1182
3642
732
2441
946
1721
4318
2897
1641
1597
947
563
1949
3756
1931
3333
4234
3907
962
132
916
2480
11
3920
1389
4344
4437
4213
2969
1537
3753
7
894
2804
2517
1467
1271
1320
3389
2079
3820
1691
3073
2393
2260
1888
1070
4453
4955
122
1336
1280
1119
3666
1582
4027
3009
4360
1776
47
4134
4133
2161
2888
3686
2120
3399
1723
1514
2097
2279
2694
4122
4092
2680
3822
3144
3970
4086
3277
2338
1604
3740
2102
4185
3440
3236
2712
4462
4408
3508
4733
3069
1703
516
2496
590
2593
878
1363
2238
3449
67
3784
1574
1781
1628
4875
3267
2050
890
3672
1953
3629
4859
488
4853
2209
94
3033
818
1232
494
1292
3950
3801
1511
1863
2970
1743
2380
1542
3503
2453
2168
4863
4579
2139
2006
4100
3358
2924
3862
4950
130
220
377
1881
280
629
3704
600
1515
4085
3959
3086
4654
755
1956
1242
3722
1439
1364
955
2310
3487
3766
4759
2068
2420
3754
2289
2960
2602
3207
842
361
3048
4098
2427
461
4063
3040
1265
2249
2389
4999
4694
2196
788
2688
2640
1806
3782
681
4072
3252
1016
4746
3602
2853
3091
4870
4979
2611
4142
2364
3107
2031
3906
4569
3549
436
643
3535
967
3861
2032
4567
4007
2251
4262
4195
1820
3430
3844
2115
4678
4652
1694
192
1517
2071
399
3412
1744
4459
3297
1585
3709
1013
2595
865
3190
4680
3214
571
3658
773
1360
4376
3247
164
1196
311
3633
213
4983
219
3047
428
4639
3110
1509
4427
655
3584
1775
4617
585
3601
4105
4704
1395
511
1788
4407
4052
1351
3752
624
2228
1461
1748
4693
4424
1159
3007
2141
1457
4525
3469
674
258
4938
578
3328
3640
1032
3325
720
1592
3
3987
2382
3172
660
3526
1657
2224
1950
639
1438
1957
326
4336
1477
2421
2334
4466
1210
670
2287
2029
2316
3905
330
2458
183
3614
2188
1841
2361
4268
3157
3160
2323
4021
4169
4153
1805
811
4577
957
1154
88
975
1496
1100
4686
3129
4798
50
2501
2610
2172
205
2991
3192
3853
1909
3545
2530
2321
2015
3059
3900
605
4514
546
4009
1315
4736
1044
4676
1042
2659
4860
1907
1538
4505
850
3488
867
2617
4515
4550
3699
996
350
3767
3460
1171
4346
4405
1088
211
2151
1155
3234
3893
4364
4754
3583
4403
1630
1535
3454
1828
3764
3828
4214
1977
3187
144
128
2218
2606
2075
3789
1516
680
1491
2929
4419
1288
3404
1484
4701
754
2569
1113
4674
4959
1532
2944
4151
2933
831
1643
3772
2184
1493
4913
1348
2339
3689
2155
4060
4357
1809
2046
2493
2547
2216
4167
1942
354
565
4430
769
2800
1401
169
2065
4867
1205
2726
2974
4404
1613
3269
3148
344
4345
4590
1501
4011
4497
829
2444
3072
4144
4584
1304
4618
2862
4728
3886
1303
3977
356
4793
2825
1786
80
3978
31
2614
4769
4143
3133
3940
3279
289
1749
4347
2124
4923
2295
1018
2250
4982
4695
4299
1066
4353
3615
3720
145
1204
1246
2863
4786
3456
637
2846
2278
2870
212
2848
4258
4503
2982
2871
3422
3464
1189
4390
1293
4510
2264
2306
836
2731
2342
2624
4506
4208
834
3360
1023
872
2103
1059
1507
2499
3991
2784
1642
2082
2774
2469
264
3451
477
3826
4068
4193
4070
695
253
1165
1928
3470
628
3442
4051
1391
1127
4934
4512
1859
4401
3366
1403
1000
4158
2912
136
2269
3735
1033
891
3410
2830
346
1472
3869
1151
4784
2535
182
384
2864
18
1163
4667
1478
2534
662
1299
2432
2370
4517
3137
4842
4646
8
1437
3927
3675
1279
2508
4249
2832
343
3696
1475
149
152
3435
2718
3463
2910
826
3536
1343
4328
3918
3355
368
3000
2644
1494
3564
2811
2214
4245
4819
877
2678
4341
3334
2687
1268
286
358
591
1818
1190
739
4458
654
1172
2908
364
3295
3565
719
3884
4625
4612
2867
2760
1764
2943
274
1864
2940
857
1097
576
2735
2290
1344
603
2195
2783
1337
4286
4783
2409
40
2069
1629
2791
4166
284
737
334
4725
1222
316
2266
4524
1148
530
4616
4973
4753
1797
1305
1546
92
1236
417
2023
911
4412
4919
4079
4036
1958
4075
1832
3616
4415
3673
4976
2051
1606
72
3441
4912
1736
4622
3100
3406
902
1045
918
4884
1213
642
4175
3155
3063
661
3377
411
3298
2170
2191
2543
796
4889
1302
4933
453
4926
2369
806
3691
1235
4872
96
970
4211
4204
3576
1111
4897
4057
1785
419
2959
4589
2650
1382
4165
1429
2748
3512
2336
1831
1695
2129
632
3586
3320
4291
3609
4540
2977
252
3676
2
2312
3436
2497
351
2662
2099
2292
2359
2518
2476
3510
3955
2829
3071
1240
1
3253
1006
3378
1824
1668
4520
4508
2377
2085
484
3839
4276
2988
2901
2527
2087
3708
21
307
4012
4438
1380
4008
4434
527
4566
514
3401
3188
3010
2265
4224
1975
2459
4939
3915
4016
4171
458
1147
2992
3501
4600
2194
446
4330
3593
2950
1255
2519
1580
1130
1092
2092
281
237
3294
3089
3568
3245
2859
767
2893
3700
3178
3251
4591
549
4278
3403
689
1385
2231
2291
1373
518
1227
828
4916
3461
2381
3445
2189
4174
19
2132
2909
696
3468
4909
4545
2064
1962
4712
4238
2348
2660
2358
3619
4537
4317
1545
4776
3851
2999
4108
3544
2491
1856
2537
1207
2137
4495
522
4279
4533
4552
3926
409
2340
2844
3942
2556
3527
1464
177
4422
1024
2592
1631
3613
580
2268
3229
1208
