7935
2834
4655
1620
3235
6428
8429
3909
4637
12
1482
7456
1039
2014
188
3907
7834
5755
7091
7888
1008
4294
1681
5842
4521
8320
9192
4091
9540
8648
1745
11
9562
5345
5033
101
9628
738
5157
9475
2258
2277
7315
7499
5524
3307
1741
7535
1989
1050
8859
6167
6720
7451
4313
8690
2675
4491
8164
949
1021
1417
1550
3016
5587
9425
6393
9919
6381
7191
370
2532
1293
9418
519
8906
4826
7491
2833
5479
2347
7133
4643
9897
2887
3843
9428
2213
4562
8360
1397
2271
8568
3920
8791
1720
7825
7314
5821
6461
3362
4494
8613
8118
7809
6789
2937
3625
4330
4531
3636
9499
7273
4557
8986
3169
4228
7243
466
7412
7746
4044
1102
4513
4565
8728
6502
3861
4364
2621
4445
749
6007
5411
460
5009
5586
999
806
7160
9375
3382
6980
3388
6099
16
2298
7286
4357
5607
8836
1778
2525
5735
3300
4956
2976
505
7334
2051
22
3334
9196
2139
7323
7513
4696
8582
8119
3324
6247
2310
7645
9011
3558
613
5606
9346
7211
2037
127
1722
5004
5276
4296
4994
4329
4742
2735
1313
8666
6427
3328
2585
5550
8286
1730
1163
6863
2361
440
5904
4541
4917
80
4604
2879
3834
5109
3519
6416
9026
4970
1124
2822
5538
2344
3597
9268
6390
4809
3512
1487
9461
4708
2970
5714
6826
9223
8978
730
6547
8165
5135
3716
9625
9201
5797
6316
2097
9853
8143
2268
2942
726
7120
4658
8586
5032
2044
8397
8629
1801
3882
7467
1129
8003
9566
5397
8478
3547
8338
214
5278
653
4619
4065
3847
5928
1068
4097
4710
1900
972
6966
5509
3987
786
7869
5490
926
390
2765
1072
9779
1888
5143
6452
6661
7684
9710
772
1736
181
9531
1822
5387
2646
445
5255
3321
3264
4430
1855
7
2752
8382
5995
4877
5970
5622
7978
706
1111
9166
7992
9592
1254
1220
7703
6864
1544
7570
170
4322
2411
6878
4126
7828
545
7023
5746
3457
9812
5187
8015
9712
7740
8192
8524
4863
3053
3634
1824
8685
694
3938
2433
6344
581
3404
4615
7737
6749
2721
2304
6303
148
2004
751
3418
4612
7846
6315
9768
6220
1542
708
2794
4839
5132
6618
3727
9299
714
7842
3877
2616
4160
134
9469
1385
6606
6650
7580
5725
2115
2183
6690
9719
7729
3844
3769
3541
4793
6628
579
3574
9224
1796
4931
7000
4268
5352
2498
8042
6162
8059
4243
1309
9465
2336
4260
5682
3757
3653
3065
883
4219
82
4891
1380
2731
998
56
6329
354
8603
3163
5545
9227
8305
7388
2844
6643
2671
6435
9703
7019
7670
3998
779
5172
9269
1415
9730
9410
6783
7340
5136
3463
3116
2579
7976
6396
5969
8194
8484
8981
9650
983
5848
8217
7610
6975
4906
8031
8827
425
7859
357
5564
4209
1877
7676
306
7566
3279
8870
4638
171
8475
9219
3247
3419
8577
1353
4218
299
6474
8407
9378
6549
8940
6136
6997
3409
4600
9907
2382
587
5189
9433
1156
7320
548
573
6940
3562
9155
7631
439
3028
4370
6187
2300
1639
8230
4687
1819
280
6280
2998
3216
8732
9546
9172
5230
2427
5968
5035
8455
6223
7128
7558
6756
1916
2710
8828
3999
5911
8561
3488
9319
4574
7469
8038
6057
5802
2000
7523
2523
835
9419
8020
4929
1913
3811
8067
8203
6469
7202
9042
5947
3077
8572
2722
6582
9874
2357
5281
7881
5099
1577
4397
7571
649
4963
9020
678
9975
1677
1845
2642
3932
965
3161
5697
7867
3320
7892
6969
1045
5856
9070
9213
7277
3098
5816
6570
8273
7655
8479
9034
8477
1687
8873
1826
9064
3205
2046
4140
5763
8488
6739
3767
34
5611
8422
6137
7674
8923
7781
3538
7131
3624
4221
6269
7071
119
9860
9143
7238
501
5054
739
4853
7784
3044
5557
7899
8163
8630
6021
314
5208
4198
2324
1982
6831
7901
8840
6244
7375
5250
2934
8023
4523
8838
7045
9279
7155
5308
7297
8123
6181
6648
8680
5213
9165
365
930
6572
2359
8109
3797
2636
61
6552
7006
4423
2450
4171
9438
7428
8960
298
3484
6728
2045
49
8207
3241
8830
4098
750
4263
9736
8146
7421
1670
8547
1421
1284
9579
7644
3964
3735
539
4440
4045
3372
4799
428
7600
2133
9500
2028
4280
7750
9028
2368
3267
7291
8760
6170
778
530
9939
6833
403
4871
1423
6988
5040
3925
9996
1841
8115
4076
879
1571
151
3254
9850
6773
2739
9642
1898
9360
8226
9228
6272
7377
1324
3369
4437
668
954
6375
3859
4831
9142
5349
3783
7856
6642
8131
4601
3041
1352
7419
4195
3277
408
5634
7615
2909
4543
8330
7368
8091
9611
6635
223
3903
7405
1177
2403
878
4762
482
3945
6271
876
432
5860
2549
5745
9359
615
5845
3931
3770
7046
5400
7657
6766
8073
8804
7101
9368
3200
3626
9503
3580
4890
3944
9004
7346
2899
6586
9649
8902
4298
9889
4495
6916
1146
6159
8459
7342
913
7773
9043
1881
7981
5385
8533
9078
8406
5464
4597
3838
9604
5693
6088
2673
4011
9999
5943
2279
1131
3561
1351
7322
8212
8872
3869
6792
473
9913
6155
1106
3213
4392
9474
9126
4764
6890
1107
8898
1345
1401
9436
9032
7581
7664
4122
3913
829
3544
7122
4756
1252
4100
5493
2031
2766
117
6404
2974
1536
5181
7251
8604
4904
2295
4802
723
5773
985
4779
1854
1110
6367
6518
291
5025
110
9869
6320
2921
9316
9431
2219
9876
3448
8904
9158
144
9932
2404
2257
6877
2816
9259
7358
4360
3368
8653
1003
9785
2544
1103
1495
4991
5022
7354
590
7782
2174
1357
5775
2664
5320
3483
3078
4327
7872
3389
5389
8303
1301
84
6090
6080
2018
2026
7391
9063
1405
7987
3947
3154
9289
2769
9966
6920
6938
2900
2592
2530
8005
2787
4511
2737
1611
712
2327
3113
1387
846
951
5279
5863
5236
4607
9539
194
8178
1543
7027
6717
8881
7890
1960
702
7203
9293
9136
7932
1698
6881
3452
922
349
7840
1454
9314
8771
9914
3315
8074
5412
1762
4682
592
987
8672
3188
8850
585
5753
1148
251
2511
3443
833
1207
2993
6273
9603
3301
9721
7745
2496
7710
6457
312
9281
9798
4754
7593
6604
1451
4648
8638
1942
2634
6956
4086
2529
3935
5822
924
781
5570
3516
7044
8078
2396
3840
2456
4419
4725
31
2508
2224
9301
9069
9849
6119
2840
5847
2363
828
2606
5779
4841
3804
944
4399
8600
4388
5519
5651
1950
7077
3155
5420
3427
4427
5836
4847
559
4021
9713
6625
8497
9444
6917
2376
769
77
1097
3914
7962
1206
252
6820
4114
9636
3370
3609
163
6067
5118
2228
5169
4472
1987
1087
412
5426
4496
6525
1624
718
6846
7100
809
4487
2222
2851
3765
3349
7408
1746
2786
7811
2499
2383
1573
884
5706
9656
9581
9688
1438
1457
9817
2459
2102
6574
301
4773
2814
7640
7835
2330
6395
4938
2596
3018
1817
2808
6708
292
962
7741
9645
9332
3454
8026
3432
180
513
4110
2070
3194
9209
9427
899
601
4279
4116
2281
7925
7557
9711
6434
3550
8962
5656
3975
4270
9369
438
9680
2812
4393
3578
4036
1649
3726
7660
4907
9834
5422
6314
5277
5812
9101
444
9880
6125
4085
6121
6246
4231
4077
7067
6032
8559
8681
2898
6698
2586
4182
1413
6654
9752
2598
9406
2817
8562
4478
387
4374
8195
3642
1064
5494
3363
7321
8532
2950
5267
2188
2478
7646
3085
9821
2999
4820
191
249
1765
2151
1689
424
3789
9701
6074
5167
360
1780
26
6420
7564
391
5820
5916
8027
1773
5137
9917
5052
9640
6040
9920
1217
1525
471
1424
6186
731
6620
3916
8506
3079
5835
4765
1809
9893
2550
4632
9023
4898
2700
7806
2066
5424
8769
8869
3080
7001
19
7726
6879
8170
5042
4067
1893
8993
1493
6765
3114
8446
9342
1464
1728
5220
1954
4409
3121
4865
1295
4391
4588
7606
6889
3966
5291
645
3134
7960
3598
4617
1158
1604
7864
5404
9813
1613
892
8311
4832
273
5562
4803
8544
1326
5505
7154
4568
2249
4061
5507
2928
5887
8699
2077
260
118
4143
3719
3791
6944
2946
4345
9246
7262
4073
5338
7175
5560
5439
7284
2287
799
2645
54
5913
2574
7860
8516
5115
3696
3187
4451
2914
4460
7584
4408
1891
1418
2857
9373
6077
2824
8252
6638
2885
2364
8044
5654
6106
5920
3984
9365
7946
7774
150
3260
3764
6276
7633
1515
5092
6296
9530
1011
4663
2842
9947
7361
3042
1439
4653
1731
8266
3533
1052
5406
8933
9602
4255
6262
234
3729
538
3430
3973
9255
3172
6599
2541
9894
4795
2676
6453
7608
1214
2716
8857
6691
8903
9696
2732
9141
6003
632
5305
7656
3330
3535
4869
575
7039
6348
4901
47
8461
7059
7911
6022
8204
3505
7994
2561
4019
153
875
2706
4163
2768
6952
4661
619
1489
1914
5417
8077
4179
3821
537
6149
1803
3037
7620
2923
6028
8737
2384
7688
1256
1232
756
4733
7490
3956
86
4757
459
62
9411
7051
3276
8671
1915
1793
5011
6947
5712
5419
6368
7511
2288
701
4259
161
757
7586
8792
3346
7496
4855
2159
9135
4589
1115
6597
4946
9883
2005
7813
1456
6359
436
6571
6079
1513
2652
9376
1911
8179
3940
6016
8162
7995
8914
3915
8551
957
2788
3284
6727
91
173
9417
3023
1904
8894
4104
6626
6305
3573
1239
9926
154
4737
9432
3305
9151
9396
6955
5289
6543
1290
8462
4967
9174
639
9473
943
6101
1334
7769
7651
1860
9864
4301
7621
2533
1967
9675
2250
4595
2414
4639
1409
5944
6663
8392
1046
6644
3092
8515
4800
3339
7639
6986
9352
51
1873
5456
7577
3322
8206
3819
8876
7849
8590
375
4712
4974
7301
228
7068
3381
8502
1806
3990
5567
8686
5576
8753
3699
5194
555
5367
5794
3972
4074
30
426
8858
8946
7691
1210
6892
9738
8615
4452
5487
1658
7169
3919
3110
8121
8442
7902
1505
8117
6790
5953
9245
7913
2647
3416
1808
8910
340
3076
9747
4842
4959
4396
629
342
4716
2350
4985
1062
7983
7713
4786
1739
6219
5366
7996
2542
6544
3399
1664
7682
1180
7489
1608
3246
1240
8261
7035
5077
329
7237
6793
5955
8505
6976
1838
8231
4080
4857
3824
4226
9119
7259
8526
7028
5885
5695
66
3814
8213
903
5703
1170
8127
5307
5326
4401
3119
3703
4884
8731
3635
3164
9067
4321
8955
9888
6351
1262
9520
8647
6059
5178
2154
7625
1466
9522
6951
9487
3921
111
5435
5000
5531
67
1117
8741
8370
7568
7241
4774
4790
3068
3706
7396
9780
3747
4175
5023
2038
9904
2643
68
5515
9102
6175
8240
7161
3829
457
1594
8805
9147
5453
4852
1518
4512
8219
4456
8239
3335
1098
2140
8184
4205
8998
2237
8105
4684
568
2718
6684
5108
8520
7824
8772
8049
5485
4630
6855
4266
8656
5737
7977
9612
2531
7056
7969
6658
2790
4356
3035
3329
2688
3201
937
4206
2534
1774
4284
179
3060
242
8810
3313
1476
6706
3021
2764
7554
5334
1592
6745
6198
9557
9094
6937
5966
5579
2192
8418
6148
8982
3712
753
6929
5777
9304
2179
3816
1901
2410
8983
108
7492
1049
486
2086
7984
7814
6268
4751
5853
2522
790
7556
617
8915
8664
1650
8705
4509
1784
2162
4952
7898
4007
2876
2234
7307
6835
368
9251
1568
3952
9199
841
4560
7922
4640
775
3646
7448
6926
5156
8300
2798
9398
1732
6619
9456
137
2890
1037
5536
4763
7507
9635
5585
2169
5880
6459
4009
5265
3517
8636
5158
7598
6060
1520
1221
2143
3343
7961
1185
226
1830
2462
2552
8154
9387
3671
1292
7449
2025
1831
9018
7250
4730
9577
5956
5688
9036
1112
4889
5405
7288
5125
9836
6371
8864
1671
8083
7083
1398
2896
1678
3672
4151
7274
5679
7362
5097
2831
5859
4235
6227
8137
1069
773
5510
2622
1479
3273
8383
4471
787
9388
9054
6188
496
8436
9270
5653
9677
489
3911
9088
1280
421
2945
3104
3950
1785
1994
1282
1857
4090
5344
9746
803
9483
9772
5931
8820
8271
9442
6056
1024
6124
1383
8361
650
5987
9048
9455
2221
1682
2581
6788
15
716
8611
9739
5468
410
4450
4721
9282
9532
4412
124
9501
5114
2859
113
8540
5050
1696
4542
9948
8522
9030
5134
1922
6712
5447
4142
1883
3504
5350
9995
9421
480
1782
5295
3102
1402
9997
6295
4211
7087
5868
2056
3690
6212
2185
4768
1685
4723
112
7758
3137
6797
4843
9905
1923
6144
8829
2481
1971
5088
7848
6023
2571
6298
9536
4464
8555
2746
241
3491
576
1875
6828
6024
8669
1940
2681
9377
3046
7433
1183
3936
2918
478
37
3557
9191
8746
9085
4380
6503
60
5296
6527
6140
1559
3711
2413
1441
5819
3631
2438
9903
6834
6258
2020
3126
6210
9437
104
7480
5391
1419
8125
281
8086
6401
7215
2065
7210
9335
6172
8142
9964
8235
2756
6158
5080
2024
7397
5629
2054
7209
9495
826
5313
6800
6867
5886
3123
8633
24
1583
3117
5155
9799
4676
593
2659
4499
2155
7831
6354
9631
2321
7970
7803
9827
2241
7349
2389
8616
8448
7173
971
6478
521
9622
9769
7149
6429
832
8152
4150
5301
2733
5774
2618
2562
6905
9647
6902
7754
2502
3219
7118
5175
3661
8969
4407
1984
7717
2988
9658
1212
4982
8329
6568
2860
6423
1792
7061
5792
8487
8284
3228
4026
6941
5041
4504
4434
7778
7416
5636
3064
8024
2466
2156
7075
2333
320
5322
4609
1970
7107
6608
333
356
2040
4025
7233
6308
612
725
3130
5457
3442
1926
5788
4791
3896
8149
4760
3694
4569
6120
5642
8965
451
1979
4500
8866
2464
1562
744
5335
9634
2335
8631
6384
4187
3280
2144
7812
1761
647
7551
3058
4844
386
9558
7057
4941
8650
9296
2082
2184
1903
1683
8606
8517
2119
1862
6061
1514
2233
3379
8512
6182
6116
6998
9504
5594
4738
4071
6548
2104
3518
8663
2763
255
7672
5612
8375
7387
6107
5678
5431
5086
8891
9355
3496
5500
5948
36
7213
9600
8987
1794
97
5015
6441
3122
116
6408
6391
3515
7966
2017
3686
4753
7602
2114
2753
852
7477
2740
8110
6196
5227
9381
8333
8877
8776
6464
3803
367
4862
9973
9548
2060
2943
7979
3718
9630
8069
9824
1885
858
5646
1057
336
1623
4463
7261
5940
9856
9960
2128
2693
9185
2134
3898
7742
9555
1918
3266
5036
8684
663
4700
1467
4156
6341
8662
9898
7275
6857
8668
7335
5592
6939
931
2473
5506
4824
5758
4740
2826
6596
8097
4705
6218
4390
8298
2131
1846
6592
594
2021
9595
9287
7470
1289
1020
5902
6569
6458
1465
2358
9022
2377
3996
9705
2120
3895
5751
103
2944
271
9609
7153
3949
4273
3242
535
6807
6335
520
862
5119
9981
3652
984
4911
4096
7184
4466
5441
627
9092
3599
2603
1375
8721
975
2434
5983
98
9632
7502
7550
5823
3449
9240
9133
4975
9759
2679
384
3710
8644
2080
2216
5914
3304
1499
5889
9218
9
6639
7761
7799
4292
43
4212
1578
3817
9724
7592
7865
3234
8925
4544
1227
5623
2296
869
8022
2641
4894
4477
7232
4567
9236
1490
6882
5644
2727
9288
5974
2980
8621
8247
7949
6052
351
277
8151
551
8775
7383
315
4864
8084
3090
4923
1555
4436
3255
7547
1701
4001
7999
4583
5702
3965
5669
1626
3725
5414
1531
9303
1616
2220
300
2873
2770
8343
9937
231
1000
6668
7791
9003
6333
8963
4888
5443
5610
4677
4178
4905
1853
1813
5700
1270
523
3462
3029
2223
6085
8608
4937
7106
6631
5874
3560
4254
7565
3303
6981
3826
2660
2666
4482
8318
8263
728
7341
7927
9870
1077
7336
9615
8931
9014
6113
8688
9233
8565
284
3685
9839
7466
3986
700
443
6064
635
2297
8379
1182
8000
7024
2936
7504
7832
7256
9583
8519
3222
4749
5195
2209
7127
5258
546
9397
4041
9309
2137
2702
7662
7162
196
25
9714
3863
1223
1541
2924
5298
4420
6670
7266
3225
6492
46
4771
1596
7764
6326
640
7503
3236
2177
7847
9662
3075
2855
8756
9709
5117
600
8848
3867
4105
651
2907
4029
2771
2275
4804
1265
5455
9093
3136
7868
2801
8037
7521
8410
9586
7287
1931
3665
766
4272
8065
2570
4325
8001
8579
7359
9059
6504
2966
9732
8566
5808
5578
8346
4340
5546
2947
6274
2665
8299
1673
3314
1647
3464
7229
5263
3822
7678
1235
5717
5098
4526
6707
8460
1704
8752
7446
1230
7484
5058
4093
4165
4650
9819
380
5093
6989
8679
3251
5699
268
5743
6840
4752
7365
2780
2576
3954
4614
4670
1902
147
413
610
6679
5770
6884
5253
614
7199
130
6281
2985
6221
3823
2935
5339
4429
955
7081
4239
7920
1349
5818
7574
3879
4312
8169
5858
4626
6611
1048
1889
6321
8743
5159
2886
2415
7319
5696
1610
6114
2244
7677
6054
2613
2412
6366
8047
9194
8004
6630
3063
1171
6410
2648
9114
805
5857
4013
1894
1273
1653
8388
7542
5104
2967
1958
4027
2001
411
2326
6787
6996
9686
9353
1519
5166
4525
4483
1669
3802
9079
385
9899
5205
4858
9291
4918
8425
6256
6470
5694
4580
3675
1216
9480
8403
2617
4215
4335
8145
7093
175
1764
8908
3358
6624
2079
6135
1296
2685
4362
2479
6632
7113
4998
4118
9363
1096
3763
4453
902
1319
7400
7866
3673
6964
6426
149
1266
9639
6562
2548
5870
5381
6907
1475
7715
477
6870
9452
3073
87
7117
6510
2871
1461
1078
7990
2573
8796
8471
7591
7790
1047
2075
9921
7090
8434
96
401
3888
8674
6376
1203
776
6310
4961
2663
3559
5375
7305
5837
3644
9494
1634
8241
2016
2689
9912
4960
7738
1522
1043
5091
622
9976
1795
9080
3853
1142
2672
9664
3604
9910
2084
6284
4912
493
3623
6421
9333
1218
6342
3105
9740
6550
6331
5624
1763
3697
7201
4592
5074
9984
2637
4414
7528
5912
8557
4421
8002
666
2276
6486
7186
3508
8421
5831
6431
6131
5463
3158
8075
877
1147
1074
7563
4278
3805
3868
5444
9666
802
9875
7786
3444
5182
2604
1706
6259
2832
8056
1633
4442
3383
656
1238
676
7603
3862
3851
7333
7206
326
487
5499
5142
3265
3157
8926
1743
6967
4129
3988
1540
8977
449
8642
7018
797
8191
7082
4949
5571
1754
5079
135
895
989
2512
5744
5838
9755
378
7928
8787
7802
953
7689
8186
6456
8167
1574
8499
4180
8542
9590
5933
307
2145
870
1335
4287
2661
9029
8867
7026
2640
8277
2845
7406
7948
8198
9161
5721
2623
8783
4930
2112
8855
3055
6265
8148
6645
9886
162
3883
484
2272
9707
305
9012
5894
6495
7546
1641
515
2211
4926
8997
6364
5900
8255
2342
3613
1370
9177
6702
192
8659
9544
762
1204
1071
1161
3097
3474
8822
4792
1655
697
5553
3572
174
2204
2328
9422
6524
322
2951
1172
6037
1348
2518
6744
2161
2748
9744
5186
1108
2610
4196
1137
6610
3179
2750
4367
8834
7801
2715
204
7777
6824
5603
4693
8990
7392
2537
5658
7084
3290
1222
7180
4622
4124
8155
2578
4424
3298
9527
8546
6406
5315
3493
3361
3708
2519
6349
7685
193
8989
8767
5330
3232
5072
1742
1597
5698
643
1508
7940
8724
3376
4103
3144
2880
7050
2444
7366
7099
13
4554
6883
20
9885
6169
7760
8797
2804
3594
7555
4371
5784
5905
3467
7476
3422
2168
5280
9974
5561
6050
1603
4915
446
2252
6407
5234
5055
8082
3534
5618
8591
977
4903
5962
9493
4070
3262
3607
8991
7573
6721
3024
3741
8013
886
3910
1181
9053
6128
4123
2762
7533
4575
2006
4033
1360
3285
4275
1100
7414
184
2225
9089
418
5149
5144
1599
7599
2445
7360
9285
2653
4269
293
4058
630
2285
4761
6324
3441
2497
9638
3378
6065
6350
3148
3360
2564
7455
9095
4433
7972
9810
1366
6758
1807
4556
7829
2034
3603
6382
5855
282
4993
7312
8132
3852
6002
1081
5084
1445
7386
6755
9081
5930
1344
7228
494
4672
5256
7886
5252
8041
3101
1851
6945
1233
1882
1091
9989
4168
6156
1552
7895
468
1452
3306
3832
7771
3831
2165
8974
9046
4656
509
7041
1001
9394
2142
2620
1
5834
2430
2015
6249
414
6868
7926
5601
1563
5432
8062
2515
1980
6443
1428
2983
7236
1821
8657
5408
710
3387
2379
2546
7065
2841
3722
5780
9362
7597
695
1575
529
4155
7372
9551
483
8081
3881
70
7635
3271
1104
4539
8814
847
458
4189
7498
8427
6536
3753
2149
6337
7808
9963
2405
8710
7004
9725
1406
7582
9987
5245
283
9371
6593
6215
2483
3539
4336
4654
1030
1863
6771
263
2180
5715
4153
812
8589
4062
9341
8324
549
6818
1197
909
339
8384
279
3150
5474
6665
9930
7338
158
6500
8899
3525
9129
1462
4783
9015
2057
2167
3771
2393
2987
4659
7951
4332
1590
517
3197
8868
1471
8107
7283
8535
4355
4618
6872
2960
5386
6480
4305
7516
6752
4932
5358
5899
3209
6297
2033
4813
4111
9157
3739
4571
9062
4916
8276
915
4886
840
4545
978
4102
402
2072
3499
7289
7649
9476
5018
3536
1755
4186
9660
7830
128
7973
1983
3579
7879
1892
9159
3472
4418
434
2927
9424
9988
5047
8228
1306
9274
8244
8782
1615
6419
3487
1905
4333
5825
9449
160
1336
1483
8
2178
5201
8952
9922
4505
5437
3688
952
9186
3436
4817
9941
2516
7514
625
7097
3963
8897
4951
2575
9290
1321
3502
6541
4373
5237
3632
9924
5111
6053
6914
8832
6042
6425
7818
7735
9405
4363
3015
3146
9169
1546
7296
6946
1718
2247
7520
641
6018
1757
1917
5532
5314
7140
3576
9514
732
217
6683
7294
9552
4678
8124
304
4925
2273
4859
8353
6640
3589
73
3455
7583
2267
5476
2201
3027
3870
5600
3191
4366
9792
3837
973
9589
2846
7204
9945
9825
1229
3734
8362
8135
8419
9561
1507
8473
8378
5073
2371
3595
5657
4261
6705
6217
8292
9770
557
2458
8063
9273
9784
6197
9105
6535
288
5652
2877
6713
761
9938
3007
1557
115
2611
102
1278
8624
7167
2093
9037
1367
4498
1469
5197
6475
5429
1849
3796
2694
3640
1010
4210
3702
2866
3744
4501
9871
5655
2124
544
6179
2176
6111
5861
5895
3433
1194
3806
5530
9690
5766
8742
4183
8288
1198
2625
8463
3345
8439
3532
3733
7839
4899
4613
2555
4547
7918
48
9297
9137
7078
7863
845
5884
2323
4694
6245
4465
4281
3934
5309
3142
591
1995
7142
8234
2638
5064
278
9044
553
2589
9852
8214
5936
6049
2198
765
2517
8481
7997
7188
4726
6093
3207
9596
4775
4585
3668
3724
106
6816
7473
6551
1272
2563
1187
927
1766
7394
9678
8130
6923
437
5151
8934
6479
3970
8851
623
9803
2417
9337
3848
2941
346
4914
6311
2559
2141
9066
4887
9998
7447
6143
1861
6919
4346
5883
7079
5321
8222
3447
3621
7085
5827
5980
1226
541
331
9623
9107
2362
3507
8677
1082
4497
8116
8068
6652
5581
3571
4627
4958
966
3010
3610
6674
5418
1530
8984
7641
212
8040
4854
8248
7601
9977
2049
9992
1092
3593
4950
7444
1760
7907
6697
3655
6522
8750
1551
9887
4928
8051
63
2157
569
933
4538
4666
5604
1340
2420
9881
7697
5317
8694
6675
7247
3828
152
1703
9206
9804
3818
4736
5471
1017
3176
1494
2126
5952
7038
4484
3582
244
6394
661
2929
9076
6278
2073
5045
4836
1919
4909
1921
9797
1188
2837
3337
8614
7316
7718
792
8645
5535
4112
9266
8249
3269
6722
4798
7762
9818
8172
9383
7437
2399
7707
8283
4518
2349
3737
2940
5458
1586
5979
9737
2111
4252
808
9349
6747
1535
8314
763
6389
9868
6666
2696
4162
7711
5482
963
2948
1275
3386
9800
1588
4190
5106
3778
3107
2289
6313
2500
3245
9367
2127
1516
7064
4572
344
9175
8670
5793
3946
4559
8337
577
2048
5423
6275
3456
5046
5138
1951
7474
4119
1379
8445
9954
6978
2407
9497
7353
6678
9336
6399
8972
4873
8039
1196
5852
407
4386
1879
7344
6895
1820
6885
1740
7923
2799
2447
6499
1667
2164
4621
1076
5394
9027
6894
3924
8166
3031
5488
1589
6141
6484
8012
5100
9789
2535
5062
6154
7529
7364
9684
2849
6177
6033
9391
1358
400
5403
6662
6449
6602
2720
4550
9682
5067
3886
4685
6936
4208
6896
9263
4987
5710
9450
1605
4709
4343
9488
8583
8364
9979
9075
2429
2955
1963
8585
2687
3827
6539
4605
4063
3030
27
589
5921
7460
6566
6494
7943
5409
2984
6623
4919
1814
6852
5153
9163
777
4679
4191
918
8071
9084
2003
2269
669
8423
2129
8943
6433
5998
8779
6072
2815
9970
3056
7733
9454
6950
3478
2863
1506
4840
8128
3394
9311
6694
6086
3001
5549
3231
6751
9872
843
9958
9751
9845
5917
3410
9001
6558
4120
4166
6317
4375
7034
5967
4099
2036
5311
5666
974
1534
294
2809
1480
2630
8525
6809
8095
8426
2602
3135
7430
2635
4968
5849
6637
8494
1661
8224
6759
9506
9563
5433
267
138
9170
9582
8801
8490
5496
1657
9117
2424
53
9749
4692
9767
5477
7929
5817
4432
4262
729
5613
5260
8825
970
4747
1899
1268
4435
755
9882
492
4410
4955
8025
7223
2495
1058
5428
7043
4060
2566
4570
4480
57
8046
9226
9182
6216
3344
1195
682
4784
9574
4297
7638
1019
1725
5539
782
8599
4875
3891
2190
8183
3477
5988
6965
2339
7776
8722
2949
9390
2972
1496
9334
9261
4468
9787
9847
6513
2098
6516
7522
8874
2008
6467
3991
5798
685
7177
8837
4772
4347
3397
7371
3212
7887
4031
1625
2055
8282
7561
9205
1472
5217
1153
6122
248
1945
4741
7667
5840
3723
7357
3884
5551
4056
3830
2556
7147
5133
9643
8034
2370
3312
9955
9667
8028
6748
8279
6422
1369
5007
8884
374
3396
1897
8558
9025
2568
5569
3014
4566
5324
6482
2902
6123
6055
9326
2035
7032
5575
5790
448
9229
6532
9160
1160
2138
5235
3523
2628
372
4966
6725
3506
2186
6004
928
9969
8818
9857
6563
2963
5504
3587
969
3408
5246
5971
9038
9794
213
1116
4486
9877
131
1018
9340
2229
1748
7596
2588
9294
5177
8134
8945
8369
1093
5034
1410
1735
5200
8788
3531
2264
3781
5544
4365
7029
633
441
3749
8733
2567
8744
8175
4203
1656
7647
783
4788
4953
9786
6823
5762
5304
5019
2331
7545
8053
7426
5881
4514
654
9208
1798
5171
6437
5127
3704
5593
6174
819
3756
3218
8649
624
3206
3420
6970
8210
1211
3481
634
6990
5595
4669
2294
9116
9925
638
3670
5769
8548
6476
1717
4947
4717
4229
1053
1956
1433
3707
8019
6540
4276
946
4459
5211
2477
3755
9637
4249
4286
5809
2691
9074
5163
5225
7245
3893
7552
6519
6565
7390
7706
5071
8696
8187
3567
1311
5872
8564
6455
914
7587
2889
8233
4227
7628
6741
9538
1676
1946
2850
1164
8278
7464
8404
9518
1668
6605
2514
3759
7569
7454
6844
5563
9762
4049
6509
7330
3480
820
8918
6799
4606
1579
844
6607
9235
5663
1869
3526
7264
3658
6409
4686
9047
5302
4660
190
4047
4400
5222
8560
7442
8563
8916
7092
4462
1004
9144
4256
5768
3131
4438
5801
474
960
4192
1139
5814
8358
5016
6903
1529
2199
5972
849
2509
6105
1965
9051
5935
5273
1459
9782
7148
5627
8332
3326
5452
5332
6808
8441
6471
2212
4711
3350
5359
2437
4177
7403
2355
2491
155
2468
6776
3359
5582
6306
2125
8882
9007
9931
7785
8939
4078
4819
5343
6347
1337
563
1434
4664
7158
3476
1598
218
4532
2882
8138
4449
3695
9619
3997
2745
6784
2639
2632
6
1707
8347
9071
817
6017
2022
1162
1138
1884
3229
1384
4878
139
2378
4690
6736
7331
1381
5795
8079
8008
662
1119
8486
435
40
9614
2971
5990
4324
3835
2913
7021
2956
1878
8652
3356
912
4022
7822
6132
4144
4233
816
5927
461
9124
4169
2187
2726
3728
4349
8623
5690
6150
189
705
29
5238
3894
9691
1606
4023
266
733
604
5516
7462
4258
2492
8612
3588
522
274
3790
8781
2656
7942
9982
8576
7772
8493
1770
2742
8483
3978
125
8060
7725
7420
1304
6682
8129
3103
3509
8980
9345
9843
9681
1804
6006
209
9472
556
3192
9420
2858
3982
8456
7422
7882
2485
6742
8032
3854
7053
8958
8819
5871
1632
394
6279
6462
6267
5355
9565
8424
2421
9492
232
9017
9613
4823
3256
120
6959
7263
1978
9745
2113
1460
7653
4134
4389
203
3683
3667
2334
9374
5287
9928
8764
3393
2881
4976
6100
9329
9471
9929
419
4481
3009
8941
4527
4084
1700
7590
9247
2316
1684
8975
5498
2395
6178
6711
8009
7227
8654
567
6185
5057
1395
5399
8932
1425
7139
8723
3178
5898
6008
8594
9035
2388
6730
734
6578
1350
3020
4713
1890
2123
1614
8729
1126
6556
9138
3311
6888
1342
4385
5625
8885
8452
2747
1812
8852
369
9343
1219
3592
14
4369
3084
2099
6719
9699
7559
8072
6627
7309
2595
7914
9790
7912
3527
6876
2083
1789
818
8310
2392
4015
2490
1895
3748
9689
7165
658
3902
6671
4236
9152
9616
3174
9718
1339
6656
4759
4536
1991
4635
759
4506
8514
3294
3630
8780
9735
4646
7151
6987
5922
4728
5565
9193
9498
7763
5286
1558
4748
3497
4087
4995
1695
5388
6827
5486
2707
9033
6030
1924
7743
5005
5325
525
3617
9479
3189
6942
2806
6767
9863
6992
6949
6848
4647
5383
5473
2439
4264
6229
7214
7123
6468
4546
1708
1591
7425
3190
6481
6200
554
9617
735
7114
7730
5617
7293
1176
1545
8036
6089
1300
5667
3529
2282
4777
264
7450
3808
5467
8374
206
584
1702
495
2631
8927
4724
8534
7982
5844
1303
871
3584
9031
4306
1532
1114
6921
6047
3067
2792
780
5829
795
703
2235
3498
1165
1565
8754
3466
7194
4200
9207
6012
1642
6044
3129
7374
7060
1601
1712
3482
4224
7845
3109
9052
3355
510
691
4651
4719
8996
7505
207
2916
3183
9211
681
8467
1178
2526
1733
9120
3185
8973
7595
2089
8250
655
3850
7002
2784
2200
2341
5459
2612
17
516
6411
9307
4467
8605
5475
9700
8763
3522
3585
4811
8018
7975
4285
9908
9013
2274
2597
1844
4971
2558
9103
246
1435
9489
7168
3698
6804
8706
7145
1429
4520
2148
7049
8435
4201
3639
4064
4214
5126
5643
9648
2545
2107
5964
4972
3132
2692
7013
1920
5993
5421
9943
4441
6900
9009
4861
8702
6709
8861
4981
3377
3066
6811
3955
286
6972
5660
7905
6845
8389
4319
4127
8444
2172
6585
2680
7310
4115
2594
1231
824
3751
2423
5879
8136
3948
9593
7031
5010
2719
4057
2811
5306
1527
4876
2469
8786
4334
7947
3351
9692
1688
5340
7493
4850
8489
3429
1299
9831
4782
8802
3173
5686
3278
3742
8816
8725
4549
8635
4866
3872
406
7267
606
7343
3074
2153
850
6856
2565
7836
219
3371
2130
8257
3203
4167
5740
2683
9808
1693
3691
9445
4576
1167
6380
5830
7858
9125
9429
9545
1690
9083
1909
2540
636
8469
4812
6559
6191
8355
3316
5537
1771
9778
2436
737
5559
1929
5602
6768
1189
8643
81
1143
2741
5672
7871
6729
6858
9781
4267
6011
2032
6901
3501
5224
2374
2454
221
8936
4593
9605
1007
5165
4892
1354
6647
7661
8907
6299
3401
4232
9801
9295
3676
3411
7891
8901
5371
2426
3034
6001
583
3615
764
8225
4072
338
6530
7208
6701
8660
1323
990
8500
8634
2245
9019
1005
5985
6005
5139
6027
9468
4986
6906
2171
2802
4010
6514
9697
9491
7112
1059
6127
5704
4558
854
8048
95
3006
743
8888
5323
2105
7654
3875
6440
3524
9389
1593
4237
7607
8465
2440
1440
1477
4283
956
680
3638
6538
995
1564
1329
4095
450
4805
5460
5368
4381
4344
7877
2023
7415
8625
8411
3424
6463
5761
1511
4940
325
9321
7382
9198
5598
8054
4584
611
7150
2838
6250
6291
5269
2253
3511
382
1777
9306
1907
2852
6488
5965
3051
4003
6078
1150
7838
1973
3645
6237
1481
23
8398
2825
2965
3731
6762
9203
4681
5807
2074
941
6995
7701
2800
8089
275
6613
8817
6911
1060
8711
6512
3565
5491
5789
4989
6933
6112
8485
7282
7219
5410
8971
4789
9447
1859
4933
4251
1566
2064
2181
8414
3289
6068
5373
689
2170
794
767
7723
1772
3038
2284
7945
586
6531
7938
2619
7318
9940
2932
4553
4069
7220
5319
1835
3758
7652
986
7367
2669
2905
2484
6161
8951
2836
6318
7728
1957
4624
3171
475
8227
215
2919
2728
4581
9272
6545
143
1144
6935
5272
8472
5926
442
6529
7954
9734
7345
6201
4173
3017
9234
3022
5945
2472
8313
5192
889
2283
4555
4048
6915
4781
8102
4868
5973
6287
8651
8714
7483
684
1553
9283
4331
5568
1990
839
6362
7355
2699
2711
3568
1637
4551
2467
198
8531
6213
1560
9188
6869
4207
5087
4750
1202
7642
6589
6922
5233
4815
2205
9865
6460
8956
6386
3434
3717
1833
3133
2848
6576
1935
6330
6194
9848
8193
3000
3772
3745
6417
4776
1088
588
3591
9578
236
164
7399
1450
205
8043
8758
28
9002
8376
748
7429
7553
1769
1274
9695
2088
1727
7958
72
9965
7515
7185
2453
4141
6048
1791
2952
6292
1065
4234
5451
1981
6786
7815
8755
9113
2736
9330
4377
7132
65
1848
7417
6633
3542
1305
6963
3743
9990
6704
3127
3521
4978
327
2351
7098
5226
8010
9241
8367
6301
3168
920
7156
9962
1962
5787
5003
3297
3784
5427
7003
5495
2524
4248
1622
4383
7924
1930
7254
9267
5378
3338
3283
9560
1621
4851
827
9457
6669
2385
6392
8875
1378
7384
6887
6825
7226
2670
2895
4133
1372
7805
8552
3099
4474
2991
5934
4316
7434
7783
6573
7794
4872
5637
6830
7146
4
3106
7939
595
4770
4743
9978
4860
3682
2354
9671
6958
3709
1858
3124
6095
6365
6491
8726
8328
5588
3566
2226
7704
2260
9484
7716
7347
5891
2494
2713
3210
3413
9957
1392
3437
2239
9496
6026
9585
7389
4457
5631
6805
4083
2441
9118
754
2714
5240
1638
5038
2986
5566
6925
4492
5796
9668
9554
9434
7436
3596
536
5081
187
2989
935
8050
6731
8967
596
4068
3165
4979
7534
1874
6248
7722
8588
8400
6991
253
6508
6377
6854
2958
3327
8739
860
8211
4810
7089
6700
6235
7804
5154
6801
1205
9702
5981
6954
7810
8237
1242
4004
3605
5372
1134
2446
8451
7187
225
55
2795
6557
1166
498
4376
717
4537
1084
6860
1939
9851
1444
2261
4534
6908
2110
3217
1837
3995
720
2409
6211
3353
3992
1090
9459
7369
3798
9168
6352
3198
272
3892
4835
7736
4145
885
1255
7506
2791
5864
4328
4924
1533
5723
4516
9466
8232
1910
2231
8433
142
8437
752
8491
8221
7536
4577
9901
7862
677
295
4611
2152
4582
2931
8272
4535
9154
8550
2827
9327
8307
6104
2501
4447
9446
4508
9820
2778
2313
83
8158
9748
8912
905
6283
4880
4489
4204
7047
9866
2063
3050
7224
479
7171
1993
1101
7452
3292
1308
265
6501
6537
9722
2503
1618
7985
3226
8950
2116
243
9726
6163
2305
7271
5620
9529
3088
7795
7302
3070
6594
6369
4247
8385
6841
8994
2019
9510
9951
4814
7889
6909
100
9091
8697
45
3308
177
8768
7218
9278
3082
4519
3374
7058
2584
4185
7385
2590
8316
5867
3288
1031
4157
9766
3900
8719
2536
2307
1174
894
5061
8372
1870
230
5708
8655
88
2922
210
5596
2053
6195
1414
3281
3202
8345
4361
8120
9443
4834
1259
8785
7115
4147
4032
6993
6117
6444
6971
4879
9112
791
1630
8999
2299
6641
788
7770
4695
2302
3649
5124
988
9550
7665
5662
6207
9542
836
4493
6139
6685
6814
9005
8396
1009
2338
4277
8113
347
4082
7755
2872
1468
3367
9629
5630
3651
5815
8253
9802
2995
6152
7110
8880
4900
6260
4242
8703
7279
2422
5147
1823
456
5893
1864
5218
316
93
7010
3175
7252
5270
4548
2755
8199
1173
8450
7042
7240
9250
7588
8871
7409
7300
2337
673
3459
5757
3788
7468
7807
1453
4431
4194
4631
8682
3333
900
146
8269
8740
8108
9338
2325
2457
8394
4969
3654
1581
6898
3302
6164
420
7095
1186
9065
5597
4644
8393
758
8140
1799
4088
2819
8208
6129
7193
453
3453
416
8387
9761
2920
2761
618
8610
9315
1659
2543
4152
7527
4746
9944
8667
323
6363
5873
3440
7246
620
145
1291
9106
1362
8157
925
1073
9528
9568
4881
3564
3782
9348
5994
6282
7908
2979
2883
1316
9878
9665
2521
4827
9212
6507
5262
2933
1002
6746
6353
7200
7669
6523
3619
4443
7739
526
1152
9950
6891
5511
1105
6893
5357
9788
3985
2106
6769
6142
5161
8254
3045
6819
811
6066
3093
2136
5160
6781
1264
4828
290
4825
1645
3450
2506
1852
715
9535
1140
5377
1246
672
9543
7108
4176
9097
1523
868
6930
8518
9426
5647
2061
2912
5065
8509
7479
7967
78
6332
6821
8094
7424
5772
8057
2961
6673
5353
1758
9356
814
7543
574
8798
5977
5711
6046
7380
5739
6777
3299
5231
4308
7748
3650
7993
1947
4265
1912
9243
1943
6862
3795
3662
3901
3286
3011
2717
3825
1041
4079
2150
5196
6228
1169
5851
6764
2011
964
8147
6157
1580
6667
4046
4620
3957
5608
2703
1094
5207
6757
3941
9934
2861
8302
8541
5261
4174
6622
388
6222
6192
8953
3373
9470
330
2504
9441
4042
8921
8618
2839
5044
7481
8174
7797
5328
9302
4005
7843
8504
7475
7779
4181
8295
5661
5713
6286
8766
199
2191
5589
8715
7873
7055
2029
9090
6590
7525
4038
1343
3857
5470
5478
1155
3660
5264
709
6681
8574
2425
9402
4323
602
9139
6009
9210
7488
859
609
5875
5890
2306
2391
7904
8185
6253
4024
5728
50
5095
465
4230
2797
7909
1866
4848
1753
5461
5614
1136
646
5811
6450
1779
1015
7518
7298
1061
3926
9354
7040
8587
8122
6374
4691
2397
7955
7423
1016
4675
6092
4945
9178
4188
6189
4766
528
8160
1619
7501
4517
5733
6982
2582
9573
6226
5951
9502
9318
2290
4309
8757
8570
2318
9521
3774
9010
699
4054
4250
4128
6948
5591
9181
7016
6242
9252
6934
4845
3221
821
3220
4425
4288
5425
3249
8093
6193
3177
5854
5148
657
6780
3282
1675
8523
5395
9873
3721
8111
6397
5489
2527
8966
9149
3680
1347
377
9838
2968
6839
1617
9412
4822
8236
3777
6146
270
6378
7753
1028
3479
6664
3
9482
872
8806
5514
4833
8556
92
3820
5069
5176
867
1829
6361
2996
7698
321
7629
6688
6850
8197
3746
1121
7222
3864
1341
9403
6230
3500
7823
261
8790
5803
114
7876
6796
3485
9814
1355
8058
2012
4092
1208
4317
8377
2207
7088
4702
9000
8139
8495
3033
90
8035
3514
5484
6886
543
4416
2443
4320
6062
9385
8846
476
1427
4830
1157
6043
5026
5649
8895
9416
7276
1554
1767
3540
2118
2092
5318
2474
6534
7324
558
9507
9526
5978
3125
8896
3762
8306
3768
5572
4303
5146
1749
9742
4475
1320
6447
2230
5449
4992
79
3118
5986
9439
6418
532
8201
3048
2380
9933
3400
9915
9100
6703
3873
9704
8449
1448
3674
8920
4528
4870
9841
9676
5671
1646
6778
9486
2917
5707
8765
1089
8474
9184
8476
7659
3608
3787
8420
742
3233
7768
4984
5799
7578
1640
1149
5275
9890
3336
8161
6233
4202
7182
2964
2651
2821
8076
8738
8748
7576
5785
5123
9674
8209
4034
5310
4980
202
1710
6772
2418
8569
132
6580
3141
8405
9322
5131
8843
4106
3736
7270
8087
4113
297
7181
5401
5650
4769
4594
1356
3620
4238
319
9041
4488
9633
1013
8251
5692
8536
5635
9967
2163
5946
6803
5846
504
1029
7851
5750
4353
3458
3647
6373
6110
1570
3224
2627
6680
7393
9187
5676
4051
9760
8959
5128
1408
208
1288
5503
4244
9512
1279
9918
8847
1729
2218
8351
2489
8363
8878
9547
1887
105
9524
8954
3958
2217
4818
1567
7675
4225
1876
404
5724
2538
3258
8334
8408
1310
8812
4039
3257
4428
4785
9401
5749
9816
9134
6692
785
789
2847
335
1576
1079
3616
1247
2043
6293
9576
3968
7624
3586
5141
1672
8309
1582
8189
6323
1709
5112
6810
5580
2062
5584
8718
8929
429
6873
3003
8985
7560
6209
1886
7124
2090
6214
6204
4101
7363
5950
7172
1412
5984
405
3331
8886
4387
7540
8371
7299
9823
7086
5918
4454
4739
3628
1014
1964
9559
1928
5075
3740
3510
3357
6657
4081
7216
9654
6414
5300
6010
2865
2724
8762
5684
578
6231
5709
8242
1488
874
9460
4642
1228
6710
8080
3354
7242
2626
4718
9624
8159
9991
1800
4372
1449
6473
1969
3196
1404
7744
1376
5736
5390
6498
9313
2601
888
1503
7618
7880
1868
6994
7179
7727
8055
8141
7235
4578
2835
6733
4148
9776
7290
9258
1715
8096
126
33
9835
9215
3004
4138
7861
8849
7683
1133
5068
2121
5664
9249
1463
4689
6629
5341
2455
4629
9509
7986
7998
1302
1411
6693
2194
5961
887
1716
5202
4806
9961
4988
1818
8675
6180
7457
4530
3152
9829
3801
8281
1437
8176
3145
5442
5991
8593
7798
381
4121
2803
8301
4645
5687
8887
6448
4778
1692
7539
5164
503
8092
245
5673
6866
3166
4838
3641
8402
9620
4997
2108
6183
4135
4059
873
165
6600
8390
5675
8777
2366
5060
906
3553
9906
10
5282
1394
1908
8617
3614
1927
9832
2843
3252
1244
9980
5941
866
6096
9846
5469
607
415
3230
4485
8480
1179
9231
2132
2864
7852
2729
1790
9822
1538
9570
1686
774
8090
711
1083
4170
3162
9983
1906
8917
6615
9478
5480
4352
6173
8322
1768
8150
8101
5107
2954
9601
4159
3693
21
981
8573
8356
7747
9277
2904
5938
7356
9670
4944
3537
7853
7304
1985
4030
4469
8707
1811
1330
1512
921
7308
3008
7487
7643
4154
2158
376
7332
5924
2667
5722
7230
6853
3414
8809
4837
4608
5370
1109
4561
5619
3293
3800
2823
7719
7953
9879
9685
8968
5828
1403
3439
9580
6454
1470
3543
7668
7014
3687
6795
9382
6255
2774
5963
9115
9072
5903
3460
417
2870
8308
2100
696
5628
7370
5183
8190
8017
2270
9328
5540
8619
1635
2892
2510
310
1199
4008
5701
2908
2894
2609
5923
9384
8988
8133
9936
9505
531
907
2554
472
4596
5271
6595
8979
2906
5729
540
6533
2605
4384
916
2052
7548
5522
5518
5805
3364
4448
2782
5076
4522
6913
2712
8386
6880
3426
3081
3552
74
3204
5241
6257
4199
571
1644
2122
3643
6953
9280
6312
4680
6094
5063
3062
4910
9253
2419
8549
6126
2903
2189
6224
968
3215
908
7617
5259
6601
9720
9669
3684
801
1697
932
3143
4707
664
7702
1815
7632
1135
880
5303
9409
3069
6899
5039
5747
9511
2262
6695
7626
6309
2591
7820
707
1663
8823
467
3912
7066
337
2373
1033
3569
9652
7020
4359
6338
1285
1836
3812
7074
5813
9884
8949
8720
8751
1260
6861
2027
6528
5
159
8344
3239
8935
533
1959
6270
4351
5876
6616
4715
5534
1245
4473
7900
2730
6760
1500
9764
3775
2007
7281
9096
9733
9225
5520
9837
6851
8730
2910
6696
454
8513
898
8501
4291
3714
7724
4310
6699
3407
580
2662
1243
9659
364
7844
1938
692
6817
7136
7069
5547
6115
6403
3428
9395
3494
1359
8553
2345
2796
3096
637
7686
1734
3705
6660
3025
3159
1373
2869
8443
3760
5552
2215
311
7968
237
8177
5082
6614
6029
2560
5513
4378
4257
9567
7441
2248
141
7673
8341
7708
6432
7011
3860
1783
8259
4913
1038
9339
8340
5705
4662
9481
6555
3922
5754
481
2448
7622
2317
9238
1654
433
6774
1277
197
3666
3606
1192
8883
1393
6383
8826
1237
6073
247
9795
4318
2990
3405
1787
4290
9641
9305
6465
6014
1325
1674
6357
7070
9706
8793
9833
2830
6655
41
7225
4299
4552
9179
7164
2067
2862
9867
7205
6785
8687
6243
8713
8352
1023
7268
5648
5170
6754
9008
169
923
2668
6372
9197
4510
362
3669
1327
397
6019
5843
1315
1747
919
7757
5020
3752
9190
7519
3715
1075
2520
7269
1944
427
6334
6138
7176
7693
3656
3563
659
511
8856
8944
3730
8712
1937
6038
6802
1328
7692
793
1201
2332
4245
7395
9430
9325
6240
798
6497
4625
341
2238
7376
8326
1271
4829
2309
5804
3953
9537
3184
2793
2779
6740
1267
1442
42
140
9651
9727
9121
8274
285
997
250
4040
5839
6109
1977
736
1719
2738
3470
2390
2629
7956
5257
9109
3390
5090
8289
240
6932
2195
5626
674
7111
6779
1961
1952
8218
9361
5162
9533
1455
760
1865
6205
9972
2749
5416
6168
8342
3807
3274
834
7613
7775
3375
8607
9986
4807
5037
269
5906
9254
4896
8098
488
3622
1738
6716
6960
9508
5659
8470
1241
9257
7138
2146
9462
3939
7009
8391
9627
9626
2175
3272
8260
4973
8794
8262
2081
831
3403
5185
3785
3047
183
9216
3149
2196
6446
823
2507
5379
3186
9006
3601
5483
4939
7378
5266
7134
8205
3495
1377
9220
9598
1332
6385
121
8413
2957
9750
7623
4573
3773
4422
9122
3469
7752
7837
6343
9458
2206
2926
6575
9099
4300
8006
3792
9902
0
9891
1486
1607
5048
5446
9793
1816
7157
395
6203
6225
7398
3906
4524
8545
938
9618
5541
722
5599
2893
993
5732
2461
1035
3054
2953
8678
2658
8948
1629
6160
6288
8571
3193
2291
4050
9830
9716
2117
7510
6806
5543
5621
2470
3969
719
2854
1948
3810
7144
9985
9180
7198
4426
8580
6829
1036
6254
7637
5633
566
9584
8492
1364
257
8646
4052
2050
2329
7327
9549
4055
2236
747
328
5242
2041
5150
9164
644
262
1190
5364
6360
7731
9110
2254
308
5882
5337
7459
5481
1936
3253
259
7063
9423
552
5083
6358
1070
5361
4703
3677
256
1120
2649
3348
7494
1396
4610
3318
5001
6553
9167
167
9477
4398
5053
4962
7767
7789
2704
2387
2751
3590
5030
6676
2475
107
8317
5877
6071
9791
3263
9202
704
2938
9591
7796
6263
2915
6999
8919
5393
9073
6979
8511
9435
3648
5362
1025
296
8637
7221
9758
4533
1999
9657
1974
652
186
7052
9854
825
5243
8865
3059
2319
9217
5932
9132
9176
2266
9400
7192
2607
6336
2878
4315
6356
6496
5748
7589
9310
1751
3237
5865
1431
6612
7103
9773
7471
3435
8700
3513
3967
8930
6904
768
4350
3908
6294
6506
1215
497
3032
7944
6251
4563
9248
502
4341
1294
9271
2428
8453
8099
771
7260
7166
1443
7189
1286
39
3128
7076
7135
6442
1828
5574
1548
4564
527
3663
1249
2182
4479
2994
6020
6445
1263
2758
5942
5239
976
7575
9587
3993
6838
6202
89
2583
671
7037
8415
621
4131
3402
352
1492
2767
7541
2398
6734
6598
2743
4503
7517
5027
9644
8913
5396
8578
4461
8853
8735
2551
6290
3520
3013
598
5999
2600
1941
5907
1054
3244
6098
9663
9515
9380
6761
1026
7800
6849
1478
979
698
992
3366
9244
8431
3633
2587
3040
3930
4934
1371
2480
3809
1283
8223
550
7439
1872
1491
7680
9806
8258
7410
9262
9572
7159
7941
3611
463
599
4446
5122
8745
276
233
4289
9145
7937
5641
5791
8256
7630
5896
5832
8280
893
2655
2460
5590
4295
7453
157
6239
9728
3943
5764
6439
3240
5716
8496
4337
5407
3583
8447
5413
1051
7195
8181
5105
9575
9265
9146
5448
5012
4307
2633
1504
1261
1389
8689
7445
7874
2068
4586
9393
2322
605
9016
3629
8381
3468
5268
4590
6968
7486
4338
5502
5929
9239
7720
1287
2486
8957
168
1810
2901
667
4216
8395
3637
4379
4634
5639
8348
5756
7197
3905
7485
948
4787
6581
6346
7512
9130
5975
5640
891
4948
5919
5216
7126
4902
8584
6436
7988
1600
5810
6051
7303
1528
8290
9286
9909
258
5327
8428
5145
1012
8622
5212
1662
5290
3071
1975
6328
8704
6718
4755
4000
7339
6763
2315
947
2577
9608
857
289
8799
5806
3766
9927
6609
8267
2452
4801
4006
6588
4222
3960
4856
4849
6910
7971
6822
994
8922
392
3287
4720
7695
3490
2684
4107
5445
7317
8770
9840
6724
9413
8030
815
4302
6076
9204
8727
318
6943
5529
660
9741
8961
6252
1502
9300
2
7461
3600
3417
491
5776
6070
7326
8530
2369
9098
6166
9357
5184
2227
8458
603
7950
359
4326
136
890
3980
1006
2698
2992
5440
7432
5017
3261
6304
7015
5800
4028
4132
5294
1665
4395
7427
8401
4977
343
564
3243
2695
8007
303
6000
8947
8860
7934
9952
2193
8835
4458
6091
8287
3942
5214
991
6241
6208
8507
239
5173
4727
3108
8620
6646
2431
2981
7705
1933
4797
379
3492
4109
5954
9815
3917
4649
2286
5402
4139
882
6025
861
864
727
4274
8893
4688
9317
3061
1569
7524
967
8440
4942
9171
3489
2301
5188
224
690
7413
9189
3738
9256
2278
6515
1361
3846
4439
8717
5070
6928
3849
2488
9150
358
3701
8800
5833
5254
4698
5897
8268
227
9717
6171
7174
5826
1151
58
5909
235
1331
7130
1840
3858
5051
2311
1988
686
2856
229
1191
5685
8100
2432
1631
4158
2807
6438
8011
8774
8815
1430
122
628
3012
9826
8778
7418
2674
7443
5771
7313
3208
6108
2280
8831
5348
9693
9050
8104
4455
2381
8373
3323
6370
6199
4197
945
2785
2773
3570
1612
4117
7903
8510
5472
6686
7604
8016
9672
2888
7295
7721
1253
6133
5209
6430
631
9525
6843
5113
1585
5670
7102
8245
3139
1269
2891
3679
7105
5976
4920
7681
3989
4957
7094
490
8992
9173
2654
1986
3899
8014
355
7833
2002
2682
5638
9108
5130
7687
8759
3181
464
178
7793
6687
3423
8126
2759
7500
1055
5556
1145
8716
4673
7329
7249
5096
2874
2076
8085
5492
5523
1022
9292
8182
222
2402
1699
452
4417
1141
2709
4146
5190
1067
7549
3100
3887
4411
9892
309
1537
1561
4908
7897
8521
7931
6561
9993
5555
4636
1213
7239
5512
2930
1627
7244
9723
1509
1602
129
7231
6412
1236
1925
9842
4017
3627
7594
8821
7482
6289
6097
7612
5782
8216
5665
99
3929
389
6130
7952
4342
9379
9347
7465
2109
9571
9162
6931
8632
8106
4714
8976
4012
166
8854
5937
5841
6983
9058
2042
1322
7033
3160
4599
6583
7930
3147
8658
1713
560
6355
6579
6084
4633
5760
1786
3461
8498
4035
1587
3866
6577
3659
4701
8639
7957
8734
6985
1628
3002
2624
6388
942
9087
9308
7234
8773
469
6677
5915
4394
3412
3799
2783
59
524
7765
9490
7792
5168
1498
5376
313
9127
8243
5103
3793
1168
4683
8928
9148
2897
2346
4089
1416
133
1896
6791
5734
4053
2394
830
3577
5382
332
6974
2884
5284
5013
4016
4729
3545
3880
6651
512
784
3259
6264
2265
1666
9673
9763
5031
2360
9646
8293
7143
996
8173
7780
1234
7964
9364
3841
1458
8416
2135
5528
7532
5210
6813
3618
1193
9264
8503
2408
7963
5462
5850
4075
7438
1250
2593
5078
2256
5767
2147
7431
5229
7732
6732
4652
8319
8229
8708
6770
917
8088
7311
7855
7821
2101
8807
6325
9777
6505
3813
4628
5558
7788
3115
9298
5249
7819
582
9323
5605
6546
5674
9935
9953
2059
3839
8833
5454
3581
1680
2303
3856
1705
7572
4996
6875
8736
2039
8628
7116
4732
4293
4965
4271
5609
2697
5008
2476
9556
2708
1386
2160
1572
4591
8325
5206
1426
3395
6083
6345
1737
1113
3091
6307
8297
1679
8575
4358
897
807
2734
6340
5179
6743
5094
7878
4874
3438
7141
2744
8061
7919
1497
1317
2416
1797
9859
3295
1556
3475
542
7579
2094
8789
4149
3057
5251
5285
9968
6153
7875
8350
2547
8180
7827
9049
3473
3700
5450
4745
3961
3780
5778
5616
3325
1953
8033
5049
4699
6339
5759
3530
5369
3214
76
8749
75
2348
5021
7616
910
5363
8784
7348
9386
842
5741
2197
3223
4665
2528
8359
7096
2353
7766
8537
1422
8438
5892
7125
6924
8601
8454
7381
5221
5517
485
52
7605
9200
688
7258
3836
9485
3890
4223
5997
9956
3889
4587
7030
2401
6327
7936
4808
1034
2939
6487
8695
3927
8045
3548
8595
254
8380
3347
8482
4164
5554
2449
5244
9895
9564
4241
1042
8803
9408
8112
8029
6058
4735
7894
1447
8188
514
7440
7178
2078
3319
8202
6521
2690
5415
5203
4882
508
6277
4921
1314
9753
1750
4043
7567
7759
6842
8529
1934
8021
9599
32
4674
9045
6689
7265
6145
8238
5527
4020
3904
5102
348
6490
3977
8845
5174
1643
4883
9994
9923
3089
4867
506
9683
7255
2781
5384
3732
3167
9896
2539
1281
176
2214
6075
8795
7679
1752
6234
9195
6176
8538
3445
2820
1485
5204
1834
353
4954
7207
7896
4382
901
7893
4217
670
3195
7854
4668
936
8304
4311
6584
6302
211
3385
6753
3391
4018
2240
7537
8698
2095
2678
185
7714
5908
2757
8339
3981
6837
9855
3794
8296
3052
4413
5996
7497
911
470
6912
1200
5398
6723
3199
7022
6015
2580
1307
1966
6103
5960
6232
4125
6794
4794
4444
1721
2557
9060
7699
5992
1724
455
8052
6977
1209
430
9653
9541
1660
8900
6587
2644
4405
3897
1867
5312
3332
8676
7352
6082
4403
2292
1298
3250
9021
3471
2173
363
1843
350
1825
1694
4476
1128
961
9123
6649
7756
1318
3878
5925
8567
3876
2657
904
5719
1726
6319
1374
1390
6405
38
5219
4304
4404
608
4415
6927
8641
9942
1932
423
6483
6918
7325
6102
741
9039
9140
5248
2875
800
5085
9086
6118
5689
1056
6466
366
9807
5677
7611
9900
3138
9082
8312
195
6413
8409
7495
980
8315
3761
2047
572
4240
8747
5726
9463
3026
7712
8156
2208
8813
7012
6798
8215
8602
6957
8964
9516
7025
200
2103
3275
3039
2013
8270
518
1123
3291
2465
1521
3815
5029
8285
3421
8171
7627
4354
324
9698
8168
1756
5288
4927
6847
9597
3384
7337
64
7671
1032
6472
3451
7817
2314
5066
409
8970
4172
5297
1711
9467
838
2259
8889
6812
5577
8661
9519
8942
2400
8153
1714
6526
3575
2853
8905
796
7257
2505
9404
7402
6493
4671
7562
9513
431
2058
8294
9057
5959
7980
6285
1652
8365
1595
361
865
3112
3933
447
1391
2789
881
5360
7048
5430
5583
9415
6836
6415
7152
399
9242
3151
1297
6477
6387
9372
1998
3657
2615
371
7700
6659
1333
2650
5497
4014
9260
8466
9232
2813
6379
4990
7272
6485
9729
9694
1388
2614
3398
4935
1776
1118
7663
7062
2723
9523
5110
2009
740
6013
345
9275
172
1549
4348
8592
9407
1086
3425
9222
3720
5129
8412
7072
2308
6567
4697
4540
6087
6617
7749
5681
7933
3865
8911
6031
8554
8938
5718
8354
302
3845
2772
201
3095
6714
7959
5347
2677
6063
562
9731
3238
9588
6634
5274
5228
5329
9221
5615
9230
2572
2356
4193
5014
7816
1539
2705
4502
2925
8432
7407
1651
317
4368
9284
1154
9214
7614
3406
2352
6400
9024
4282
2867
3140
3612
9679
9775
856
2202
4136
1501
1856
4161
4108
9811
7787
9414
6554
7916
2451
85
5116
3555
2569
9861
5191
6973
5316
642
1420
5521
2091
9949
4213
6511
1871
5351
9858
1949
8368
9183
5752
1027
8811
2251
373
4893
3170
1276
4641
7508
1744
3554
9783
5140
746
2435
9068
9765
7080
8321
9153
4895
2242
6236
8275
5356
4002
1850
8264
8596
4964
721
9534
4780
5783
2978
9366
9056
8640
1839
7915
5742
6398
9743
5215
7910
5727
9055
5380
499
1368
2367
8841
6738
940
8200
4137
94
3120
7458
9351
1775
1066
7292
8892
7163
2243
570
8761
8693
822
4922
1382
5059
4816
1399
1484
3549
3874
5765
5121
1547
1122
2608
1997
35
44
9715
687
3750
5957
6859
6726
462
9594
3918
7379
5668
1842
534
1636
8543
3341
2203
1080
9771
6238
1085
2010
3380
5342
4722
745
1847
3923
7411
547
1125
9844
9344
7008
5283
8417
6735
6147
4706
9916
7435
5720
2775
6035
6865
2997
8839
9774
1224
1972
7709
4657
6832
6134
5910
7658
8220
9392
3446
8357
3086
1040
5730
8066
5101
18
7017
7666
1225
7253
6520
724
1832
4220
2232
5043
1132
7196
2386
9104
3713
3043
5781
9862
2482
5869
7850
1436
1473
9610
2701
2069
6715
5632
8824
4744
2442
1524
287
3556
804
2776
8692
8701
5939
9061
7104
1976
6190
3833
4184
2969
9661
5465
2959
9607
4943
1474
9440
4885
9946
6653
8508
9911
1759
7121
9754
7885
6621
813
7526
7694
6045
6591
3005
5333
713
5866
9358
1805
7690
3486
5438
5223
7634
7538
9370
5346
1510
1095
4623
679
7248
3551
9757
7841
3681
7137
6151
8609
3094
4339
6874
5731
3664
8842
4598
1968
2293
1044
8430
500
9451
6489
5982
4821
5180
1955
5878
3248
6560
8597
8366
2725
3310
5958
5680
1609
9237
565
2210
929
7478
3983
7609
9959
8808
6266
8626
9809
3415
1063
3528
8879
7531
6815
8399
8527
3019
5862
665
7306
1691
4767
2493
5525
2513
7007
1517
1648
383
5645
5199
4406
8336
5293
2312
9655
1130
3692
7183
9756
1827
7636
6424
3465
837
1127
393
3317
853
5434
3546
5526
8064
2320
8327
1584
5888
2030
2071
2471
3156
3049
3211
2340
4402
8114
6984
4579
1184
958
561
3153
2255
8581
2686
7280
6897
2828
7285
616
6672
3779
8539
2463
7217
8909
4507
683
959
7544
5901
3352
3976
334
7751
1723
2487
3296
3971
1788
7989
238
1526
5365
4731
4846
7036
4094
7509
9569
5336
2868
3365
5089
4603
3268
6041
626
7129
675
9453
396
6206
8673
5024
6737
422
9128
2096
7054
1407
8937
507
3180
3754
810
6961
1338
2975
5232
9276
6300
3309
1446
3855
3602
9312
2810
5120
3392
1248
5824
3431
4704
5006
8627
7917
3689
4734
8323
5683
9687
934
7463
863
7212
6564
939
7650
6261
3786
848
5508
2911
9399
2982
4470
4246
9828
4796
8349
8291
1159
4602
5354
4253
6517
3083
8335
8890
4490
3979
9040
5152
7826
1365
8665
9606
7472
2375
2599
2829
1251
7350
182
220
3182
3342
4037
2343
4983
7585
9077
5542
2263
597
1257
9331
216
5056
5738
8331
5501
7109
9621
1432
7401
7870
3678
5466
2553
9320
7404
8246
8844
3959
9324
5392
6402
4999
8863
8196
3270
5299
123
8598
7373
3885
1802
9517
7170
5028
2777
4515
1258
109
9553
5573
6871
2372
8709
7351
2754
8683
2973
1363
896
8070
5548
5292
9464
8528
4616
7734
8144
1781
5786
7530
5198
4529
6184
9805
9131
1880
2166
4130
1346
6542
1992
156
8862
6750
5691
3842
7921
2365
3503
4066
2760
7278
770
6962
7974
6636
3994
9111
4667
1996
7119
3974
1099
5193
7991
8691
3951
5436
3871
4897
5247
5374
6034
69
950
9156
6036
3087
3072
2977
693
6775
7073
6782
7190
1312
7883
7884
2406
7965
2087
6165
5989
8924
851
2085
6039
3111
2818
2805
2962
6603
3937
6451
8995
9971
6322
3227
3036
4936
8468
6081
9796
6069
398
7005
71
5331
3340
7619
7906
3776
1400
648
7328
5002
7696
982
5533
8103
4314
7857
3962
855
9708
5949
3928
8457
8464
4758
1175
8265
9350
9448
7648
2246
