247
469
164
311
228
87
19
176
255
25
35
321
140
475
157
440
21
374
265
308
44
216
340
237
229
335
170
135
3
382
18
96
347
34
204
104
7
262
138
387
337
190
93
26
498
187
226
478
279
316
82
218
344
33
349
324
225
394
10
24
65
430
161
468
246
399
452
465
101
37
223
460
72
239
423
487
2
160
287
326
231
295
40
456
244
210
182
414
94
463
128
353
197
134
150
495
192
80
318
492
389
486
388
191
242
59
303
457
398
259
159
147
278
292
13
230
77
252
436
322
268
107
270
345
149
81
143
5
407
310
119
39
307
359
402
276
497
446
473
485
171
290
100
11
289
148
54
0
332
257
121
152
173
89
221
401
461
215
325
141
417
205
386
364
421
320
448
315
437
118
319
474
126
451
249
151
162
139
238
348
122
6
435
73
198
248
494
427
408
350
240
124
484
357
439
45
375
425
189
186
22
125
447
75
352
53
274
361
253
428
163
56
438
372
214
283
264
397
258
410
378
46
470
362
12
346
166
234
317
130
490
496
36
116
120
269
245
395
211
391
220
443
184
114
250
61
155
153
329
222
360
127
330
271
76
336
203
431
406
27
178
381
14
106
297
49
416
43
55
370
383
379
323
261
113
41
201
481
458
194
377
112
206
1
227
285
277
373
145
368
195
342
68
418
301
168
328
313
180
213
356
32
165
243
305
459
405
62
275
64
156
199
309
196
367
9
66
412
23
263
433
175
115
409
103
288
380
219
419
424
183
291
57
129
267
441
200
429
177
105
20
471
376
343
136
29
31
133
432
333
233
4
28
488
86
442
256
174
137
341
472
314
185
334
384
371
489
193
95
426
212
74
351
477
483
98
131
355
312
88
422
235
400
331
108
169
286
251
91
445
273
70
479
450
207
339
413
296
464
466
99
202
299
467
85
8
298
208
158
415
117
390
411
97
52
300
281
236
132
181
42
69
16
217
434
480
83
444
499
102
369
491
365
60
272
420
449
144
78
188
454
266
51
327
282
302
455
71
396
38
172
476
79
493
92
146
393
293
284
232
84
280
462
392
294
260
358
109
179
254
30
224
167
404
63
142
482
47
58
354
50
154
338
209
123
306
403
110
15
453
363
90
366
48
17
67
111
241
385
304
